17221088917028096919500794424613697270017795281711192245917263126623662013040
13886347311391531648313093135814733642425460484108672460340492623503840795181
20540774036158554324315537993472751152599492028458533712062306149962195236653
37425821574233374163222901764096991582441069741820316440118409348636333986554
20668091589254697122987438448363132327249669635548442785767374801158128320886
40660352557950489847723789475216215642329426978145108159006462735893507070942
39445156021704237124370832142017826052634082776956684585257574050772894229881
47917953625615845765981450735387119119906270859255269724327593726782611889785
17126010279582074652596380094252516362965976780389677540027158714189211401825
9935393868961907761695756792987050562083272087856226385140367056487051665621
26294994329771431271335448529994706835669681421333424181513087144519757115899
36940068723612080875582470816537389344544484002446631266174947120463554196306
469443845941181204605459473719838469645007195740330234137495980262684567405
43196860863443289606045794673144018460889686432474377405981320404438276850518
26763435821421932978862587020410898192310700545894861943779115604054350617727
38569376504107594590215902039440654074777267717411462355445600759767005963724
49169424876409680418216556645460483954651340870684567222580240190515774052172
38790819358896156698727274133053621742742049955946847251997888495662880406820
25388521847815508446260744300116917050780512385579495239431011176633673589966
28909669862676883661012287540945087797798965247920240579590114068668277432242
13702317283340132226279076391276615923543060343440717170868248831308657542206
16602938313167037570650205592293021015056182778368249684287573544139601493612
16890018766895530970339652047666064445296392018964205818487906349713432751118
19043172594734436808977272925544096924069740353886051595302217960581496925182
15216276228446030828368230688661022823552608167872832379043372925043066060278
36058230249758032912834054772915671269454621608460801318488035272732255185034
11362724208142845925214232222493260636469503296024998563748904375013895356127
25413020540755279551407064990380003697557652082751261906318419690953214550654
32512122528724394956666471022791912974115521786174644867975845149115809729074
17631744330618949855821511252465434954332495107081602901645128138545620678384
12237109249234537748385137732345408291014800393230850580259690582555745668310
4659440285377153319593253840406401491529655246211158982278902784443724478773
896594254228701008079050787346431930863863938346429147336477200903897679262
45138795889323115561865006273457311167129987610437491191811150796029571422356
39259062576693617354204687532750264610763604852179298780900999083804778193128
11923918695884601898810132950155880618390114166124833189115190870104275147440
48549411349329817534817041838257016152911702930190442564174668851070286730200
17894654307315833192932245530187499587414337436670086539473539224423952579043
42065212763154310475721679842186160289227344507836014692994648617605449244666
8145858721713072450173028698897023228551052496945185717512411876279569353792
5165041541359841230380853424433598086677437718158968155661319306393037112848
30698920474705796800354146708054343444102940893512464505278682824618828678101
50565479930597402953257909992341417659197871423743371066838173158715134483146
9237872473232718039368694994180266384855706121707589291587325045148886892183
47499005284229659722997307834347734579824021000752861304806211711168897686454
14357830923049610073257754219470346694946427385332290838883535974177360573385
33570642300402663954551966086640210629313808513212680888437385489421007375409
12045813197017724308577053187831850044844494463507442707258709040762811273724
16022595677911560341353843665457935313094765194499796372733584060019946598696
16294684369217773584394370524674421402446243001910220314634761803396831840663
28767601050299486719208608617507644587739924979083686842830254683806272479278
36034396318933146859743932660248020391248531398071398963328317459864296007963
27275206899590053545311350122083353554897223637317536851965140915826328120505
49483209681863823020361455075780415018726845128261979115372483865937362197337
7744017374839892070771454932151061865153503931106929062244825186275656607557
40358233287801051425993202269209137559558332196009825442218313895044085243405
26264934243737473323750523344837116381822771106835627760923324519194611813486
49889120501639938063667460623487325144968199338663688443703673577922794397603
13218212903154643330065289310408896467052939845924290226937309239788716861174
41491445486725831890176176261364824174859428766604393791842232215467302057081
4867724481892839526163168593670655542662652544606008621642431987823212327903
41139745310680358682087231946369158297820719112622474600641920441477858758003
43625976156505044719171191477519406328890911176761919086940113177438794598798
52382163349858700831073493124657227379104034705504846708593183544029327620765
23124377709008808256336309865854733959341967605901414831738804592510143886112
23399777990668637603008283239102814894781951736571319894553993025384756602129
7782272536624066206603840691750806872209646314991444640223443492670087518087
14809163458376117498968527645290009247955825526571125737858682896747249891876
11798129333969898926854860184429620551638960417363886471678711184317096805836
2253032839698669648940792289970592341529314446359556150168146846908145129554
12093064853210072635127746933207193624115087917562974187541629355886858074025
16760135927873061595719597510747479838089031209814791805511433412148335550610
47725614789642662157660738956329797005562630290845417369656721740045102981232
36714246323444971626423766040746140218397971586053996801684066798383994873873
12610180436201864732064343469545424800576463231499615696522557300456304066282
45737398479460279856402388579340889719691579282219787307768623149230612728216
41983926958581404418017192439464487049676957957967727833187595464290560219420
39420642407118338215197165282798339235071127452793029672660264047142542820241
5303156356412169177024020255797633656841995468711618083861297438089606681852
26941619762940959716377703041149914643491417507334687164315227625759387655722
20792620411469031645628228216398990095512303902518203000606896261383788360996
42363338741014387844552665399297333193314317404830935308196994237327898654176
48074891023147289905086730739085688796414326739664563372026225821815324130643
10018924660561630440707955385626872294387351974791236455356398638259512452734
42057242184439052757612542411046583238798915597671019312285102676149657968591
13697785488974844863865075380461413250958205160076474818293563003930085980168
21010255243004174755690669722888681687689608976039240971182778864472231433477
4172341817207006719147467374495323360119944542705822135864200060598790103917
37090079644320100588902991015573644784205431718293366482155274864577412364916
47624605150865369592370442960449548008016285116993430561462325178080188907429
16140988504518278652928728655705899018946526899022345302552674659535485963505
25420659774834709222651953891293974837733536123781374170790643637295755370641
32155745324206980308032285370188740313276467516290628760697195097348615840883
15285084305716763678492914534311056679388066450459964825024732127011363884886
10960294557154773675221224081115394019178329252274666438071937242252097939456
44517747302475160734157903709287473859619268129342342462742957302017585897541
25177707225504809979635536741042775818654033052835938973806350098503210841719
50539913249375805554706360931067931452065757501445240772042669674075556318587
39647493182312356074137182469571455330905863838374982230199888750887036287991
45987069209475113667777822330460592606185886976096032032100992274760509508922
36169008352381390589642495072483862067034458734997008769215547822894393754639
12690754000684754356604469475940523084359185859397849174643202264874035419526
45567990989821828418838347381406106328644245570014575996656170094223361712250
2042548338610054264770437373156817033313845779472461105042384360277190559265
17706175582372488720840864765019962995105157326756908042907912634335787649262
44642733965124745058339199163658844432134562708988449978749937733905130639679
19730191950010578050931807765425726429567425970155769195008585244894250665808
52057565425920422943085433405193434128986316007598508484902753466466576190674
46542853283825544857963707681857099376823310080079228286979671605089915958848
17926403947258821112792505317600884703675078167333856660837242792157005489256
34184530561980021027069687457525722682878011851401503092629596566104161576218
46841124310852376410868611689885270036438395219601002587907391405816024591702
42609298308650769133959583778977449455112264271845723053106694687064475143732
18717121973359486757670987874725163677493388728867904903473473710695706777434
24091604591362276894134423878315583374204554530146923981543661836735927399600
43748661900076000260804673040814610730128715963194998037207664005880231439259
41076757401950059480293465777952270500002890992287816591403201721904781467482
45184592783593212194123048118582541890495202721799654635018879433576830121
47769585802633370890156954844763484513110572521014256136318615177769463174348
35490053731278231091041114922970958210247165676084712097454538463985322287299
46605876569037665370415687987012289185176402759770930503568141508414185481880
51460115204661465783590958324017219923560609904023334666825339106413718080388
43994804879631090349054772757799599860933678056629807676727138924486430750167
8043547708127436080940033399117576216244243023495465445769507624905668492269
20948756193755876458313143925354090754358845326281176425890591331715858624532
51193036024544523521069155257169156775170655091601173122546227732959713963950
47113597357722168082839848335925675767526462948118278512404480719086267219618
30300141178438881645927568704787619754457143285822083019225658890378548160376
13386076508569578513262881219711098271346887590642675224463692324340512839377
1879109356156844684021994022690044586362633093773462396374733597310178442864
17586197804798771227045781709780180743987386205645184808953234803295293239768
31561544017569427212902830157531424117113810874083100658361907181175674351696
30358689466674124760186668201808098533707009492859338373029931072115395911095
7246589919627584161781528307600889361581175675519452312438826584617242321230
19392762236580699759568968330860195584898738327225929873431035572945982021178
763748818243432557402798174358728728405234245412933389200807859611132853308
33702200888888696539531888362670881737370147502473773070452323925275515888024
22678394004686502026696265349183250075084511170015037106531347700099357920483
33021384961551216996653112268159313905691159439486289920559763396004456291587
44707631564528758899734345460268068042039607037481561919548890497746915649358
553027500212248253727816148964467883299002308456005414704840268231374477766
32720947923148380239784788242572642215067413077650470448235055601732598788910
30643767200545100382970571294924340226474129623837608614760106500806297183555
17670733695414451515325133759124349958548569646308654995242858014020877205624
24058812611440505142465885111041463000094345405132719418155191136298979745975
51505662423125347441985581481400276362029334931012625023614323106126395439877
44203095365263368360921171489138456667422441631988208144117077667025352081995
981527328193615333249997441005555717676281962536258212164324212517821069528
6433796218663873692414551306089852078264662181634935135135549614224752372923
13117628998859099565208127274608866434548706804667415291339727237945043251689
26967584918748798430382286850718458909253662929234365338379765752737473651701
33393490484894309292360417558615711576873706544622075727377468382100084901241
12777433139423568391472050580037221784903491202677558408515290762768183530355
11141945289599180666142929100954882536229167258132205907429547549706725406154
25091997880833161025997731302929460368411633348014838084341671379689687152537
13204969152128830224807615507647372733908500834299326220445167106340858108170
45755108434248546339590586378826727224870856827018659480549403064355796489834
24255017607425663013883974337450985592106828598758470730199020962809808045063
35181401354347727667117360130545723405362422903791188221896175344350168679882
46568759466023268888823670039660605641489792375538410220253325191755293615754
27458299240979381719212678125874256827559130130742008241212316217055224198619
8780273781668298986376575589073445633201111278169104044662972828843195148900
6451751297126155037386398981065949713298061814347497375380746383257614910919
1175308022415868131741877426295494751064292785354877062285156087753529061006
14638007709440906840195618122331144960245871958429432477489794088116236417776
20476800760933064320732695854351673042891922197476929771215477320354538569541
2110259073664734030556795679685277417314691287129115984375901077907761339892
741884864670319834922607406772062037089196571477691145064314062247309552992
32101376179523522616601204381705435564458269446769086734143160465586514012163
24546558499470702923319617062790493327571960663318978507975414339092569551469
2927722123699820652332901256327238604686106045848583308802532789155160220738
3597559539725261494268149034359015558424757966547446726040227396995966909961
5077059583177021788800996245979518576698179722648262774821771577666091169791
1367542170023643256220639049754060204786518447230328687061867500829390080595
11874477696492391904016717000872287250370912713254959217087309619807297293098
7710925901657182004107429834328207800375424228802536903571622775631377347008
36775832337876960719181877468206642095136554155352954543523518940257280196655
34979747671841809586507846150644338930443798431944651081188412250179768707216
20009953300621456695040196277222630202163036292079586684719822054369964174282
33175585556155276584347606535201785221261868083212803794593310643345239204041
7563175731643091457438767515555177746566221001129771872064718190295958722570
12695827353674710025834943328267689818383158293737265810651239388772199356037
4127556779885151560652163735147487838928692888896079504608613138232856076688
35355726603562801671257477049280790457886001408779960028174053467818674941024
32129376027860158618364355202019493709310294604279573240733915639446353173773
25292763399712900265369581025791808920897125872104678489884429579509397179559
21169880741953803535734535703688683758392870020988623466216442068139369087668
24802635312007023234123317275031571920243357569541534424480893695921624578843
5439971454081375226967233653042556261786638757829791406416305908109536966592
38428344549441006146924485633089819602717490819366435020761906645116723613689
37233430308595144750368363373356514478338989572132076193257273715324410038344
10066140009776053882881686337080639933359153798336885285957939697482200085340
51136562186271029933142682091873501996991325137366766115988688096163933934243
45929919981237890898322909602047127510776997864066589892980825765357793716455
32849510592485772004515041652368922223134034880062349771995469820866213704332
4213735050992323320705474387973009690333723296333422043791521442540994344626
11262169477097244609610623071057865222644332558109445577830818743766673208713
36491870941639500750746251899578118932506361727518924389678979731435537829063
3931186195932504638341239058387516877614167896808018019202785736266594256247
25995391749159239085402115912870033295710886436421553149521743466237374363438
19631318129373749592768783778603222017162277091536271296954814963966872731949
1243519441678866430941819482933003730005794390848112738069769906347019273563
50751571459235483353974035260737760081335353876852041380877480916038635263443
35777555183798670119440920402080666189713922846676671680446327791666187919275
3010882547914155553117413808516275787195078487815485117019422428351485332273
49246680598890773712531542581606616938563277000936847914228989243232383161334
4064873708585944201018511479112130729149118835538964872245264600422195491776
28599513470157489592861121416891443476595795129987755055175539575408380261575
13696844870429664070241401587246403275631438769349023432788123370382969948698
9818764488641424588153985018331668697441348586591339773820580380328077517768
27544526600712506166449334010304184636882474569268303515213182596435723766285
18356100427201144842478762713507296703399038638343495177754059037761553544784
13630921336897201046083848054646411200313996562305153168154979663867613801369
26127953578636513166750613179751331112749638915511488547372488191624971819350
33544709238838615031307935651633813665425700365476325406721855337969975755539
48879296208483885626438994719116213654085708763844671546020264662148999251230
20705373289203517009481406620925218057106370094959250701004398314910596572455
43951517100711447860856320872897376747576848483296636949658348687225732212794
27249204459892711714290244953509590037370929964947345964666782891401870270586
13703603282299360212796360507571579623052354886823621924294201444535871673793
22511104736808519334865556138087426183769766093998531506653067554879875903518
24124356405693189034589690773606354819168964951336811557076790360365957178549
6419761634252020142499460280880065409922978548602058210050203787133081102668
29659829906177006368963083277278663828867779973660564170744504261935841529860
30379374843263323089445044492847501074768602496640317927725655214786139721573
42070220964803753500663337461178071393311008575791427909942027402018442088945
24674163965472300300622642285547106214463656352587476092131367462864548920937
37882785729668597295304445957828202464728605002332843028814685656340868759797
7903515918094383535265187576656015645629900712929527646661906116608899615649
11031020364318459258324001266058203128016222968145313696324199176824027069626
31846789437740992178402405445854225548953280993510376429782810487995324357803
24152393578523544250634294387599889966641672353333124310345275371400420421030
34727090625922667241204241898677569646621843115488192387273394546654894480519
6359349425635622521484099532169226753910296590517636974965006480857232494706
20875755307999571363980550031479423143069477839996699907111500987678110980246
15780662532033355508107704032809447476010394755337195522608951333592189492690
10911329666991490802112590094084174892610503776976636692102815943674125084605
36314101899399773724724762937183726287647596288016715003184866995749235746017
8509474652717321044138109325226078033851679616591182693911294101271076454955
21210992475823643197625358493374557079831522076268636208115504984754305574742
18363961663186597367116276398707143247957369196380670847957837468831651592542
42402711747021390321234820292870072126367313761599754006767413611337124822000
51244508380604828170542182143704721628695129133524292138743423471673190146621
41982154289452598452789353283088562306060329078469383915513240666037441258840
3353088686147856453425857780945586835149102915334953067377957030039106622430
38307297553241047554430180555977724982502387802835726560832421938933497742204
30499301780972006061163447363035452632474418003703157425819163275933185994907
13368392547676113611474886269661795219966835346195392470433520052211512138243
3339750488567275225906667448163991336446357482765892122353859337566296195320
27092958117815319810532878033841423379395145564605751380522017735623183701050
33696826793015115027701080909260574047853002054072283520374905750510944970522
1957495650135312752027559334044670037308385183203698661502572611499967821150
33829191962574627286201825951518720592403922386223485968820065498450713363802
49948447332222716274763881127769106328243396356795138007087672460446353940812
4569378360200968603316251553385586579011352528972592860693299649360951150142
40442624820902637143754173778236876437628622801508496283266518129635771227341
3452006293227818048721314217925570049034351697695817437412477361732628523447
14917831095323779800590027258084984262500372271045231767683181267279462670270
26600206146358489849681963605807718889030432281205477980912892715653986935800
7638236200773909902666391046271807499564820889758465140816750966484321892744
39891979075528769324348212220104892931656464698736790173727698923192504203817
43844339777743277749635172730780461092446662771077046927197609670473022362861
11057044485247512146496037520115894531636465053207053327814099904947984217856
22211512173362726688987280519448756998399242343954943999007987602178947194605
17865620039546704995399409758552345768968181853535028886439641765519397247433
39785909941965484534608089502313810072935562021283823947976362083731440355740
37956073541918743058249658490684347309778368665475353389593432124164574949496
12259225129257771642536317968011851611648139456644744686258031252467930585938
18621154768886989366789018104839617177631232327948489805960300438823351875858
32869334645366634409643362634779947285907903101055338464794982073722605887341
25976131315883392879662067246441949882504086252787354253838449193529454224638
44109966766736007897517643288511964819127937970115881714887192348798989634272
48489122179290959387196550878568067005306308092682537269317420231697240400764
22878119149720624531263944121622309725967222431547190551314228223456770075035
7926495600108239620367468972405155535980695987875313578131874256913857712090
43208224415520041340530635700412145781661465052194374575786033223980842878685
33392345677024298649170438406758442278066693318129236295472874324122078545270
51043742974086393103877639066788931931917926486355403400681903001691371271355
8094229603873339261848796610249159029140906494602887579636496902265104497060
18867218175141856829659318222099302785898049332875279727026747533109986806682
379177143140183469509032949286130925105117079408943308855017505744789898732
1020360591675689971488736991858703525760875451776966278122097184991459909272
24349281284403322961322983487043151882065904073876599987294518429403980894902
46381701081807389747599323241128468266450751967743510578515445000434208879541
34811809314420544614542886904627380043044897267029327070521923009428248301528
29850639022999261572186496647222720902566789418239538443002003560400148291821
5519389501036957626328443021166815519207064530198024024218700884079803918401
42478422608389582630901634556110855269069590154664812228942556893830886718697
6276016751919751863710517200234405620885077388119312375321467557010117260459
36174711666157828905991598870908806040082132061995872045498409565947499916884
1927420999723038717136949311105442095565197942838755927296113751482661996375
50554994256133395453154653739110548175816589286230732112170429252700544060910
10158094972075468979317496059414367091997843562662971112773307829911217295106
47621476080402319055914604369914756539950691638903767570146177972727520301331
45538376772627872663381903355621494157344559105264948473358282235890635409681
28894815310013296231048878721004469378214013421584967639782253637479384616686
33230940741544814051475133341397647657809146788509266422565780244222952926295
5021302850697354139965199213289955741151545141296744754014835551207313962286
8991262429001386338195819184270652937644981226116055409910561281395571249535
4682734696301231411200672561402312795129339388647780241843804024798190482371
35617397540608622184759860837667258321320640834508910391003320272415504547897
16247678422171783252363222989235171045079196514999458430194928258271071244984
32026567032779671655619276411148164627175593865106489761907913430592842209910
22623221312090897093470976717038246748177375866151806248026271755489145979428
786112120005844498560657060635000519009150155223614075232857078471026933893
26471714881339637666690112938932428290168505901893931932015470297415650188231
40329762307061183160987637137595221594422026601401293983365180725241716371420
21256070486436496040247595997209709390660821091268468972702290361634590088708
5688408466120487890107626881711575529895790855808469933720343819576388202794
27642883815060667049096483452753716695514593973879220397745677490990361730874
15208324030903633277856430315541374287161409650748388327257126715453343642141
21628649763693071113062484661772340323485408309759170014712194862031949102629
22663591193352428987616634015935751864333983387340784312363807098654594709553
46433521693805156382592438223311981336425072897350169740562639528196220301368
37082896326995624698585325233418630050854471946305159353858645359657347016965
22386445943552911408018641794017770744083664171393412274458815472757467812272
19623621504412167245521557066013801334558310212585388065973543745125063503220
43201511263141697638608200456068563937481547183474130795133403377520009752039
31250843693944009635138218583318450886173085303397791199496254593415127803799
8913710767422478585503568496462046202879609293872405937146755924449279274487
36816092081117533756472232931489460898148919876718817180315851912864796287406
30015930765426830800413950261113887918209404203551817149483786697510131881328
45152065531721216299402767427088755754763169048762670699153440250848252994239
21260582168234315526413119400136137380074278407274331723242198906322910583271
15745998402821104166890461706370850715134296742812362332994341381380414175090
23824817753194259904399383734739018330118710646730492386557496898943459454968
15451079503412942501829788467296280282657898909432946698030607804117284023022
18450984600531305392083537952771195911099644536341716688415884756863852181601
49562885433769206826343111368515164071402275801618359197766897687208296334331
17963815940629283375802431049885384694649277810543771031248246482733728127907
19181018605051873526273590646495467173657710919533836386704897608553173703333
2767977354252863316614009887288475105104811093041212737062588290849849239860
31117184191975606597176417164093406405826999825962080620751630283036966275828
38898769615134650703676971151524122891332739791079026546568029434055573576338
15129484211187902605792641791467330095993278337943709878431876373438822925280
47881027788893916017181395599551287774534278069133259929360814416478278425404
6086702728142451818572470458217482555291791261833670980934461946731159418208
10393415600147283727560038855746595314875142981944569608065491708631703035653
25056152298913878862914344268114774489635833975601257491045397168295321412030
47456704136263618046207731219968963296217427113379266256881354187421874951731
33492636403708749294066032091234270297025012511419985678223688167703617424282
4800743452337765884203431143890520173639593835538050455672074569089255818966
49150744885168399708457581603493385559944248904018496780280430190943413145111
46741212450267719586785639074692435716018855116429541073493186077450560821211
51465420559657886397416688857211793239957755314116598223810982680924815436141
49346139164264964974415025850156030651448902043009915212145049992840160626796
52140054015740348978866826263368657642488087489459379260339814968969388985276
50272769526810773521098923229506162440853384251047486991134678807607896768318
26353978192059273653968261778823354214128635932974378162876936172056277220778
34852720170062275209692750283619395235978607927331027584713363071679055879312
34182079744152927943399492712980136655173787618439564581854641755259600474620
12066784766582862346149204001829452484468242686614529213248619574406192500907
18338607734225458539041939305354186477481457586766753555360830703866729653751
18501573423368981188248654595142773654183859754751823494777672499725820643628
25087591303007850317668401808699991014560751400849860255518142601016507646339
31982251334137756980118332335551979588374007271910581178164028112734111045483
12175310160125362528940390397484584931399360504706872314308097125126416781396
9747364736717867194902050534353032331606497088050594765532068975439123427992
32671924717614274768118862251769718777338674143618470469182031983140019827845
52390707395447011654866176100082527233288957300482158579996681745691831386538
38508805172404121324472938486340721220046727933860108537123710449645509193639
48148130996182492856740649741544616787932412683407406998403563194736675685929
22379196941482148690380742647738495213874874290363077521450563556149209438265
51525380288700337196927482366810658915112785906966801229916425999944117833658
6034614047991056306244131268202266991472717979633345603232448508406097711501
52354168364095054996143913397676672412984309377673636224106114065608983403482
11325076365442833531753633996458713201884216712477449372578062047346443578114
47195759979301455234989479002377556319404071803301730852853719533570224686703
2609301692346758183802126296218263434281343401266754411699968188110077828231
2482525638189425652391575280751727942825308809218722204858945596115207086876
48952902236311167847376152607585928881425160257447525622222902640020930325973
48766705513068578782294222699336228836295945026223377542725229273671752802883
1200942808305668823744097105733947317657780570708187317130401513727135263681
33041593822797769354694099982893505650294136068414791262618376516337525599961
39859981003731674486769730305891395763753585687579690614896535134434190072467
23938984110810136255000266226426629056646317172440153476229945009690733538122
33562487476942104213821339644869893685513019057370432451352494588599326713452
21717937166530581203022673977053931837004869837546515115584499867632411034426
23450982876228246903991741775796661657893077861963955917169835720498068409139
5542447601931838269631886092404029662614817697977445684196613868240977573505
570442287460516431736237758227615243066065771587139193412107483841254772163
50519950025615378863073421594206955248425562641918667758572979563824380315963
16007898657086662416300010075905815394636174117299180471527862067928608299905
10543753372731119822816842979360507595423662214889302083084365369286601352807
15656607100138942610977059481247228685177704742067231504354823899293099107035
34450999316859141237749925284279634436266549614734994689482596128002766802201
5570908457909035856973297374457632409736201559593126773552261719192541767048
22285106063420883859905025553989482968858638597253815851218777855223521485790
41004958705051328921661145910189042339481708030637132223442775627876018581092
26615845723026374641456679812586025292284443305793558021517713750300880073464
50526110604155816826882872807110540290578494414643746319810209390379338850711
17646402912884913177528055511590577284863717277704287657727806595974899191393
14354074450428195904904187133897388835696567987423006254440321097745435266239
31311328039748295909743559804958182593079885298755816899377774029811856653705
20996635738973018272072044001514216027160451185167772117241455727848493271457
22597195819751814571960305151825850056399371223849873424064155329758961202071
42990882947798303551770519253452234090992295974545006703160182794925309622409
32539680397852496938771022478446229875170032437809415015790961395738169112735
42862957485256083627097476900091008954252566004204328832813895852943173314460
12350891716186025476179016965135891680383928201612639971460527069541686615515
45168182524537542465465794296144023189881181872193192448706532778846605209449
3622547348271073567218720162949011950610377319584064110204595544974398826355
49550404593401864539679081497823313869555400052651653936048894843574227743045
42288834753311573626869487967580321953776023331829358891944720207562537921867
13527271495885748525654859487786493489965625545236885356707853595388609368336
32880480792470529749985821118039387825491477165530423877296147482966874916779
23708858939674298032834055563731004821926752176427788008279016238722614490527
8918217826466457816819935086352215083632875720569711183171567898385085509369
32406456838942756529998578370521307236679094357566824765702440942055389962092
45298792348343499858612277411923257888955524154140129354844281607498085155868
37732586977272159709956467823073058249755650696146162650112156628566587655733
25867279663862059821753754508170215519196644796607197975438173855635267817994
8921762098725142949090766566786620583344223185715128937169088895816451127646
40327390268886039399215125809475881763262629664007203445858928427955354059625
28616482285895547994071181689976996651716974602522099681988502498501770499214
46253843839456486979770084880656054498329257438189308649109711375008110382576
30737916258356860763775158312187809723673732695125595839836319210886756120337
40550541846696514306531789731138957284800351107460594376709447790716247319310
32387160104319570291259801206026835745189324634894837234814943057953072462292
26061234299039898429165826468327504653943083387762732527199898640507405513935
46005262469271653874057096290043547404362667119653830621331500469023984773825
5094396308915336623272829091349961703321281336075135173749107677464392736146
21700853038434916805550582778533512405361776116461222915035308374187171152050
31049834636632015410935135329885398198267968663335885548328073952618894505834
36258893207927495829409510781201404880970939053321045624324872949147941568184
2624494325553965363920406804022595427376538193318457904247380692342620880909
43652110996548113707663110902471966016375687325569851739503137580472149411988
45109946159852138568787023096335093617005488369327784214620484388929261095011
37071513823077014729197848784797168932419143571727601224317279120791440691355
39677206706490005115779341823509822093676578548324568883031311798183521940050
40856824530189138298440774787185705267404186477268678535805942062352618865928
19049970270791948090036705375075043990617739855917537480778741575007904112551
33577983210155444442136274566124375179930425540391658361043275580246980048295
19760492832595898447285219714941389058392664515250976141087747611407736353649
36014926247649184610619754085168884711570310485734384723204284938386880373027
21914838699490693263189152386557093076076697367900349428142646031250637955954
42553213196572699900762621403941909541493972171972047122151748352523803148363
39635164310375220245268902270693268140932333261520623866123007474533684546822
2171973585645894602296601121828089030412093106748085749947258820323057249908
12463381019448933209609511563460804440110429691916216952400787915420346815202
44491014772223949859162641609692621662263196573135262527380768518852186282120
26316125103486097155440712919281902851864496228164237616402889733518582549322
49014433044170855113732211576972438175226038058105089428818558281456708471766
40481174822020097800994729575960143153977486495409796761593840716154990395742
26141380114256185602984189863906348466541424920931997838479444570506484072341
19801545063296119577152172854103023259878788049354395688943226247506074288029
3296854817689279604267383301010072247963375497540532508635352819596177880635
35473151545868553221863205849993551493023518469079067672031938103120892411327
46885116627197072043381324041815490025963920965379358502027743233444806965975
23915551815496574878907100083936945813323585092284233374765130746746856162223
19002942255256062828254441759184215664894537910390492782377556046733129675705
25790170838738159788284018623605475992333069399055642134181925084047790410164
21091387676752169832305025207898529783123537499901502199204796958905711408261
21127795186510391777244031340220685751104743391786962792382100492593104579734
27052766610880454092544285890388799084263893251313758392602098549530389671427
2727591342262286430704524940348212655091229371906812297806767256950027083327
46959884579907329858559538801532201561433813023317995354978729416262560143995
28966032235650356500531159909851266665243022545703878385630761000997362612730
7744282989683489442738899677469469237280049450335040224933121972121299848247
50387012730076168084066833282376902192341834053520592523017607238011956880509
4738040853110514825831869529783343549344235854619034513275141766336044323313
52311331963916887535376221570160608825057710402251774671149837816431706190544
37663976619691226861625872264297726033011012559451136892856177297626653470707
22223980922674618616449605866269855488946412874279017209443072173781619516105
11811971500381475169880087329361029588540151199376312556523642485390891831968
30465263232386780879619523288243046242907234524346220626701044464273280306512
13884828370418169358284019683719287809423700442848307195319647823009633782998
12330965864921852072995119493351380786512748826546292960892927992345493014399
49641561416649568558906175680797946029966836482610177343696607827201298547161
136202027669069773440334300356034386065890421562847663392232842400501175313
45776273154815224946695396469312889802807640413886646824349985835831272625313
46898753012896213618753677086916355922792735538020114966253017843272286684088
29389850969365565026763349701440912649693643170527004407213809245500320405647
10818905089078780955354704452226476121027828931952913378059651462653633305892
18895827945992887804860980239079595530506875667502102797130170981080985048425
1320030787589449343736369079902186183653979842914491244027567471446143701812
2467189582283776717815107245260258896050517558459202681921773662299361827529
12389793281699948061853651088377832436538422872109674741876026581690290478960
44527939905054745536185299658939232765919783552756459228062584734626323820425
27933715857753029568993664159748302315566853201794146035721298414594313488290
21130277422536220700497480068640221871501462832977777621605954069300663705863
41238042640542889538902128769476075666676772965884219699844325314079622296337
33720278447035904934740077504725310360612479224691599222334451857715821345500
14950528631625229488886523198435357971140708833456631776937354964533826049648
7756893907121207528287549803950283253662333551131418357915882687640341520466
5165643383734836777921004516921802929646283506047560695215757900886919256819
11658318442600853988919180729442629390955857524587781960374211620470201825452
35456315160610339678633620024728205733377606140142287286541366230398701343394
13560043807549024527815104188614076864539532886902073052297127441286043505771
814296439947999471684642987945030019593122953748019935803467608554128643838
6654136675807082976244839361041051009168242371183666986868142586469541744792
39848409692754897645286914161229365947351224683355269726954937252238746519167
27911286733854450848112704238484562524283386888206578079804392100479323022592
16613422298929711654705688775280517062900588612529646981490734342069743364825
33131155072137152816856860348069434586677992659119634669267064306363722089648
51741210880745258707255978950717755265114544353340042733091514566488129213399
32212922965355317018239904994222161086852720947112649440011031685949127415498
2042413069375003828141537336791858034675387501505146513850702297326671148351
22158635772058387785111676921389767564860884182246842409909128348143769735378
41667020994634470911487314060106053002970502828308528527132674519716841708830
28014899617200109437120871680767006248995618034838446579848650965386482863507
27453610873652738880281014534202765798235833022074240650039657203984596365577
48496178178517961743136702504288259981203933996742185756586490960756806253527
15605884043594582686170666206725243606415375938331445298519070384944185491761
4439160798692480097060355982265008282959755344982185926032278027641124074491
35317932682355239662049213010900035438401281973097036481730233148303055312801
17188240185954606479156156091001525360820042375513268632519384828744928901587
35606035810366209330406514817932680618163691682422809843382935711664339591874
17636447409313919679475716077440387778558727018894987700898693446173376468148
51618273305642510525027349823885623038949566153556863402293310717744999632275
1685669428897439019937566103637398752079278151441654942902602011796319179070
17604775443275066535768137130686495698850488083301870826812292860550400660281
46849822830321971544955548175305057377057279113868692244432321199450410416883
31077504795250325010889260780035350516566573476902341232601262669827880493568
45016784551356622188053775484075836639972983765348749007883519431176765349656
10998928291231731859096873674804024394291543672859598029250850583644105502859
39409009715959423386776875831256999759930807267215170439552412524783999335825
6711665033748342233613360631552732147937456187931498523355149973307741642519
1204992796919673847683828432750309905621477701109145348277045262316476405661
36487356839540564137987613993417425024806501980126286483104262583874040261049
37546101674873962481291785714123327810860094568863211339191413907278200191187
18479036175566660913199626841191216949580849625371661145132582617054984775948
38847181855010038801944725332436999659740908603482710068329676984368217137533
18657868079197095002797037543511854116764062758128262754569541974235752793882
10305300972209095719373908255307317171565983430667479300425283409853808791637
25479033081407400233592362175834141854386707999605426479794132121012022847494
32331215019386928847269195429886584915041537876407773340947992844608616485022
45233505072416955581422767575351281444310474879833770380924829430960273651147
25193322959049728714307557502438537004177878019528448460695555825204024514590
2490881791648091333004468853789541530227075761908737748836738319142817911756
40762033969825505299749443377792380631680094589107801643039737722504254360782
9806257463511996701846670890571581236437139766692599215111226700166003929513
7582406770904793100056598668443163926730840447988759076814470610285056368624
34221515775996876541657561526936113202441524079945250714310330777440507967545
13236376209517150966218706294118467094456711136553553145842442240037660347052
16173346830018810456546666916954742956384619367788429519288567677766662312089
10980348666189074840887280563144113270232399518454033937170101697711870382453
13913830815355672819555058581735689599952157179614813020626635577415318594234
31408419282415755072223257941661633723099603762788932589128396874899240129845
42080858218550571923609577991703688095100325360942012350531742089407121553875
20918982584391004531754829330735401437361734228592465157958192432722241776330
36516419101387715715628398502866580870527960379175936290573401891570648921184
2632059486784758013320028995563627748403152900939612255196399494183473219893
20863155553403014334380667795319892075274545669454983072818410061775624968246
38087106764082811366756378016146494093009005505811317324409253144067486084350
44841645678859030845371630575244936858764529914598100775924286026581072635984
43206816136767028522451666461739217702380042639512380122934727918657262848786
2549170941738074228672469620564001046193559871668811436319944911801851677409
12548820798143522716668519896452012470573723924800849122980874803441502179397
9487208103136743800059395193186670182108144234122384831478735097693093919310
43697652102079960427481603930722769835313695767895712059829895883653689062863
15262071290467816377814417335277811781895831725593837636297119710545809399034
18204055101861608930219519294634915156055076627335168010116049946592763756580
20604082566224998630987870979847320096582382594633324114486705420652204220386
48510420303047014487534932039474547553914780263432569704876005585446060368283
32002791893788613479963742041273670084873531552630119383940488653275668068633
49262547211442554807146049929580990908183836242049510868926920092219392784656
28522272737491196985778905449909827201448988395089454775993142047049471899729
15739645595677961874510497749176342025716187560400034255820402570646902682577
37897079555819251264817536548718721013847540371913069780168909821402406192890
20066502355311966200744824565465244883245217071747306931721807255977235131717
22497291162861255899434932108895774117174966251724261023459422302210518381694
34663215078850606595381376345721570263888113553037122741560440478318769380245
13380328202853350097667564492791174327067470799336402613882337915808829959446
23916251299531141239596780470314914191131276904973887137673255353154423849808
47154954630783345431687330542888318768083647336601651963555889245753101816054
42011944463520956786489582544498928988213501321250247207332571967952068572365
35441440345495665184957623017575210699663993708121465514037046375897540383148
26439289864357883725834321941757398709719912119853068297170807859667334586343
9353810870623796623207132870216985948275036328945682199464133687547866682406
14421907310436709743718608111997959579123370968590733487775744038611933075788
25595157235929072642843629644946917099962497570956409129239723469875586086011
34670225277498806244322132021185705643885377227562613270962714884147939426776
34537530109595698147362806674625101300947970365760355395092652335693494769901
32570858824139008101650688588465813514565498455944399130769240414789615878566
42247068434648929221788308997342963097796208929953588816971429193012725573103
21855128088731644934642572635808184495442211294066587588109823704895669344466
51713455546883055849258965826808603867779391282301618461036052520751756448974
44994521350830917713299639066301026853550502811515848699823793474057519221361
48128655874081529732880427279576244219827639734107084125877104116463610763695
23812362198567075618872933885056863904429379623498079700862827256200503502215
31931015596981895282176789527677877265775157630144405112065691017950810940456
18028415765750694253519491928251140593454696874264174888185750399025649653663
40188646558650689930707283031117403123344853007998718037532309054929138226444
28392762704477297919390208636044666220724043431670284639208256717324715719825
51938237083112820229500115771577409604246841141062869420258378741370207403191
50328373273424386612388731081890395748356191340098049442616361062861927725880
3394493150750176132194684756481385462802206102445472055862030705195869726191
47873290251769539921852490744402503100447175483796130592062780322574068259245
13746245925956459693127043015939529549239911474003568260994725575135453661977
1216753324285540495285311262374236355127972173746589792803343936747975236763
7257046056570323532970749004235323285538561082001115852100718551216616953753
19422737233077210556103714490351313761391281916194809286597793582154486473749
50156961544351173544334999542056102371428511705341323173830865970293536561645
29030417630957468368553760044653713596740527677439134768544328852957847607438
46444443190940613969600871526119604282848986064515606311339764415522937246132
3667592306095362832826177841016144053025184659542115653794428747020024780560
40310721508230863564424444920521323025021197744527799812069243189830627883684
41882810035264921004838630968602130008264681973831455737763561378714998681450
35386806900212945165833714044991054370313157282307852776756879657232334683012
30503681914211358794752796894186786067788871514173140923645378600188542728109
16233759935175797464311039121246114456217663951746624420323381980030949828947
45481943800929605838899870568152815418005011308603271176023908460929780490770
14934017142643155306637564126336041719561779362628494409469716227209547293465
35413146401737468247130555289444302822710778108664744428916655844379725092866
11990943188883600709301075675053568480816458435224000038166236980281379991036
45642059194181915191825557856928497244919716971180680381139562590775230743775
39421845936459937944807004017197509296759038446805111308515289048734520237191
49325400603993261592536746660066423935056256110893178525934717423642739552283
19249718481819696622449010609115620919514701750111708041255284848656509895308
21463802781208051483133878601642225502291492408825504844227218047799251804838
51352981970130365018810539048339897787042107709641905809567164497049737519157
8644725248593984134143188561258038028643239453386497284540118005431556944421
3709578337806306624166445902503969097877176130986830041355858392230520064379
10960030282748145256636614371012007215160862080663632997263856426967812785378
18615111159353092356367777655888098672744597560880454561259095016707895362620
35482574431385377772689164238836398745154639610127356336244770849270503712011
13005015609181560552211135781464177452970666694387472112445724441404518909093
30589936020336646829641492883243966919846159362613671843469087758035515122497
22212226666836330894773359520011981728429803124637238211176385978770785791267
42087095440274172421701902347960033100119940939171031150785885786048387366480
28902545380348962790741565653622616645396375954086357513194824330182748856238
37176193471024123488312948403301072120365259395588487264146250895991344354827
10020049966146788546127469955997740530633998100229691421509548622522439791420
1939368281950795933361526131500324863640738404036761022192277661233763061479
6581807062283946350541048722509308631746683607982990059658703753360415529190
29440001459335091941789331922282152770669223648240651745415644224515511179924
29674193722355062153126164028939320466925615754384737624506194951813660958606
37591278908323041861451157862968218093600024514084093580589525695259151935264
37924210250608637289992390659398464172198947739691086858966063009228807126776
22338145089591699163271079095598885544934558151316716742158615721998929283704
9869488297745998018181523486600923297315684984344415396554583116045585237941
33188333154815279744597896232908582758514249963300236461993554113190773214524
16806021187264646265332688406827922794481759432236472741346205911745652687166
852261087145176945523505827886063226783852986510168089877214854347981754726
2505078380232930041443227722651901001676989678068828941001558636263567672716
22201622986859195370959121500432896153015580776039952041197951230163722003468
51913245975339414127724999399485906682911983128689551661901962622957239029614
9197731832005597022433417496120967580137794290251236788077721616954104505528
21254455436280740243802369118665566928564680368581281317883137231128445186727
49897916850461207225358662483293800396553469524623574241100953434674945826323
41515225529252729678970389184559751134938002837298662960075875969597199953218
30456545974741676341627256632722864856016146392049118214459926474547191065540
43414577445837801567034226194911393371203665669756987539287551995957516711246
37066126086946484502042130647315322195481134765329381250394464438955305271893
50925270244661833826354112164325159446822064157517612022494984851210146657340
22833246527268774138249004973720509580643587539037199520937567162218208434322
24020896454715980884219442791059728763991412488823740237351361966011707999024
1102690002918782232084192104907739343393868857708773091847247337720754316375
6346921977914506604026995077808612045846674979223107344796942251429823418843
5374896650235197281023637504148647644568475200721308515163491733860622845335
26307823075865066702625300345472925302140303181021236375707308470602648094532
41173158898423461758564308059787565054401365369871663985912428245648650173988
44955847770684646745240101996860032961310400679013859048174657304504796933973
1888967092830512855852714016786029301524121781685375848493745303648910190730
43466781809950245395067651858612148103639546935182756331042883068249356597996
7427312997828880619099571327530291352347818225583023693073419974209455823076
47833382764634621280934275552275609411917281679691018467916925395980830200075
26686480540943654851977276712960863504774154870061726671583657669461567210144
4583687274291747012368612103064204977463544741400431264977093333761069548446
30632664101963106316588232316364996255605455893268718366186539905205848037061
29615975332252238613596423276212899018669653790765726422657770841713589154528
12348766749773480508712082707373737271471616698115260226964858380576864202025
15218222349943094778913363743668409075114328146364435861236673795317652199422
31851049886014267256328941627390615641949377423082939971001520430919449423792
29805660389002269782471936535198299162232896454140601808140592923990384600946
9760105057644957671521605944809850160528046973782525234909493006639921305631
33667288463185726960961349326784607532132218398400290450276180722742910727482
34068685036885534877630504896081109454294624460690727510576088549964469702009
38015268168485881516073846368194417068996556162920418447186837178915765114240
28200185396080485621990091458467854562431710396744771431894611651237813626520
33808038904004115549292218878024003795565006043046161643608904547474110385352
50812853000806372447921667617971954288315743161712995660572874144097390776815
22018870748156387629101828808953486463042672546833736096015890355834546615012
30580882833738367849571833563920319279021512783384809164605689237143883993674
43497583876005923092854939396618880704461441745651581324276454830617895798756
3440444887997542941382118703622798329396677004515116641211207253742446255137
40192732846296641036406648312687084284805142966026910687805090014450241320687
18716976207666276090113712595785995965911126315295234868739436487212121650608
4153931634604031252521045793975863449308591590622114178552614182284696901025
36202906101725582542966633428220033541021539718446611131221317726639256531601
30139095722912361138606264355145913733952018215574928637351808450121658764915
46562008233509762571344931837620383490853951118381165550045166996671723813597
5725215572871968886191741017425185625635084533681731237103377750226113417610
23266597177734098073512962514234925279766942700147087762824200082044180595302
41422342184344787947819097156532141053429837464010525063008969025426542684219
39164785451708414548908423236587106928879539242668921627784456674575559983819
39461794111551123897369633698722527773964444777469323724179334280770051177852
49015669291069835395417064112125633739309919521419792699337851971176212909812
37093845370968720653680700969640542658934834181057418956138197938733685410920
34055056245709565120513528140978075666545431598052845456509882065699218080640
51244616420141952418590731810859045445696879117581909865540309410304991308734
22218002559033583202099534374149935286936582990000759786373451418781521252182
2107993514015574136262481604758790721448110353823013865522313852982350899070
41179855303547328905021461880378231594650838196047820807966830961496202595631
11819445576145703147496123592727456338213433450809823665294030949219981327816
43771743185833015884412802301559846359938132827829587472624492120035246598326
15339913820094878130440363903939387118354865033654705373846246236806586817680
13873770756461034289594784104439951273206715307808486316609839326828555644202
10712499749393344671526634457694202806276693760574060461206492944493716242884
21890938647945361110853599358977957578142145826799579084083538872782613691423
41346215820702115301319348848579645822186694369082069454594628842293670879539
7504822017792308905241678566693197196170763950090072446450863197083698695444
10461394319158763564921772134534036374738422040689803409865701187244312447654
50182111900593982567172047951271295147651872499619694409750226428608206475245
27827063760957526603480614259960351352922435031017569127848090366067036877057
3259957755531803017289642018619235094549454198159510426328662160600092005157
39298732093582465161098836097410520204303700554003007963879906317056633078284
12897274487766042151679475142542933720048118868108332269305650115824777996022
19197112804684249598429460678072230130254618498378483156813038973141800759869
2519116401721189131298913480425233238959423283971155516239125105536234825363
50612005112039499825733028828310243367458264798779558491550427658978068677422
5223403843976756910984742254245176960127172559616379226135089839676154387339
46207933704484662257196046753920928807566622663833537553496702508861988446720
8798385602349768176610543578858655408178867657837132001213881754022462357877
28749589716284761754429463222307768569790425296018129873015849348135970297139
31635396445276160132003879033981262959649543140255799609255692580921762433970
5790200956265532156572904589074645987618764905778465697940961174449678137579
23518390866974556230938381299692174516768927279823809854645609696053193091500
45844519763391079863024124008157480111369422938243091134826228583487871633140
44544240033948897217680530167294248767044786507740905590779274302476844054997
12336343499433630428800668764880296705930177027647767211906482545934655218208
17585175145256699531967205573988332537681499785274321180614991474170555489996
26187192832583412120496155435421181747866728672394601052673809976036982696685
48353646908378537104376958553679941303140318491525352456970673057559676493155
10725558752148687092860915546646610935026213242716146840119169414700590570339
41114896673279029818040546522336161552833897330254494251589853906587908981907
18774852281770822792330096918476337575058968267221442592736340052687644492551
15357107261524108990631674160210576576491848287326497552742762752006701907476
13799713301453706515401718493049642373449965157304272980963283787542685101521
12105339569727313971442496455183451294801693918750129709760810426739258763024
48959587338695295173937532941849696941614691471883521768727097299540887851960
25614448713755326648960750872596839347973406266385456417438260009540365733801
13900798486914486113763150129685038430977397774434448273010634690160798921167
44261500105694209275496724415380773382946730007032240119740802266448134984950
25618208816402806109020827488210961648832454733590773668872527331659520440604
51334718268205970984843907613620471620233328704816824788990634538311161410968
18071802783575752857094146494360983220118370580735750749064490113341824105664
12052942977791360738125324058004031777580414395439965706264511115796184695789
31292412929459904538625357638429301472784537909725210369206712521452981909649
13706252840721648615489228554626561117297102806916391445605085515721017245297
42617578623089136194214390976994762401244276690586425454065999925144017117030
10961208215449418892623733582679910174600755689076182238601056875197173566669
27386039486060237824033615004074387130307429164108453940384286589774429691410
47657530629872273635629018739026795120373191649364087547358079432910070542061
41381976840888169869243029021372505702194740725793555907612741784443259341019
23137999391062731818710055524541838450172523837387085461501332232873124088644
45627417584037934917445896389293481199736457830016371089567690579766454362888
41999317787710360907831940954322996496413483561805813804762185796646844426858
47249173962162069174206677595324509289424782734929041894616263019456018014845
51203713843897982905015473216736651513055831380162264857502826831634086912575
10296080748342287978394374117503258618527060569051396262133787151425442669493
38834953036852642237871243134373225592762508561220402017448576070897674668899
25385710585082484093421435354514309769387633285993316743858705111811878038118
36419374104239486106171311802038760706559606694830543661508124115217358344873
49476591382360417415118707867399014902311868685914460946898724929866061591652
38567484681063391402172305766993229263038079605208813694206645014818869109670
40949384296652029167554100818744458765871308011695274260033538680333747380008
25829443943500569703849653700179380999747234291123094134427091844641334861309
29817509673656142469083273302319620381755150006128624007097535003999299132017
24461784472114255358588538610344692748652901277053949549603461545126039253822
18728116055654984232671633585694771617705947154218361482051426434921611795483
26172518377586821404519540289202728028377950681076800810925591039134443941649
10234139261826200338562435355234735973480060685465888961112528779835233195961
50261193332471654256301699150455655429414111213969070549661423218193868271799
32795288116819419780113862625242907357244356283311169553181190124159137912562
43111950903970298072807622322493084263123019556047833610769273141829136607413
1696525078926154992957850994412217549272651609742331215020141845265026054965
32975528050508464716301482362855169501417605111819237553085265319689465835609
51116324230304582877264216733667637158507411089542375625862480852481818633529
33450683282014864432979844711253624320686355744854752295120958408061173672495
41406218052990242447683657065948040432069714122231402730223911154318263792146
45528788954978098891482283279369140960719760514341535943961749857052013637530
244780232475678655036346022250569245130325856236140288510676122570868230502
39950368607460870971441428154403500214117168308459837641028878771737771229752
9649741756151284872737349048145249765358165904637144642747480830349555938983
8118350034902983585766308505418116229009451630026108479204776985564350160111
6032998536134202626235062033130350325848832291468187249177353484548937708100
42193272846847400496569890639741610626682617092090756066099125949471577587675
37370110565063312737463367027547610140058800361221904284384746186963783343215
14192196252735894552110225167673150222662266031170005082199978841916002327265
24210048070163259693646460726615458833490296695198814419421659422306638472544
47815296985528540960883348853548634681993453790037593423639974339084810483643
34022114596991338394568041544788522278518325140860026022127522780528582455948
36555396694200338850750683720739927710671535668396884274763153909394079353258
31709565970178008842562247159112223835033181014977431825722157362298203859759
38244295738303535901560616722150769385134241833542922079622191762562872926183
9579562566040035492541846892248306374641531360901568561641273109968235614451
21832701705699257789291668212620740681985151762765303596832647329642093981905
1136957425443212959087536096436742696267220359336045013282593223009642342307
44584334235267904961771315631558500513203824563070322677160475331811369220837
4986087504041624757538263493471441122012905037158371187577614172602132224571
48405445838243196695206446839868822520301113005043792167641184929443637808315
3158488476191480090418426715614116230401327781673738463781347020646384779565
40190279004284948293402777976728710406128299526164681752659074688235674443556
15907760088659515533957552400664960085052834989016613421756054529190855410968
47772985377351945860523680201624410576178922547822113274647083087240325223724
23233719318755394050604474669952533082660481583361537204228646168569521372167
3819263489004865143094300561091114270136020624601405607927882802109728016354
45442797843149159992529879728234408718747091347367270528970100272640680074332
11013868745902515431778482073540768463429063131305146517425343129909711753022
12417038159433532874912749084668991691144376849077929534537324059378974721911
2334112527136055703672718144068673171067264564550897041515368636293588155692
19046449030163389855256600862781293097457064607395638859639265708351298102564
6113226146533930946285931607737743181659699788171409202101765476986996224056
2139061694793764207409260911099469632992252242850900277822540193698730779331
38866775165065261080446162761481859140172481236415486274942565755161870882324
37047323901372397456190578279178076909438135840899315413047500366369235297364
13269411181731459930207693084011408973363669256001788379158475587176840052576
26754080870316757000593293152799941806122971913674100458621426102251882656011
6350810766547113676314564420587511452237083335439841207748684607219113292772
46933539803027063289898602988824122337921740441660725974559726552920349885209
41834616506652991881494643322777501522249334726647524232848108396337301574891
1956075815090954944676750726399952605564683506115740178892658530759291563798
38695312659796115480876214262048831437974989816651533186455572660275038764421
3826442947339686441816269271906524602028859228823519966281162531162716504276
49938481510557544397006833779205822059185062085811495105248752637585110922312
2180746099786019363498556043124029506724588964179823527514324811978049092639
39557520398444033411745155028234755097133960624128956172347876182433910437475
47680866546235676603776006422026686337552922283147687953092491946459465071358
51673390937581891154107527474099018727148501180951243883463604008346376148132
20551847593201949160509284477089031761467469944192531059575588988396422895228
39243117063180307468463111445941747934745402627694025070206329302198007337769
16104359600485890795472838962909174104367459725937127942623310179226841911028
821316639969502099560960750293202007120336453147826373747831041752487823760
47966560094423062884452274304684104393334590424216541157156974706284097385134
39716275895378528649248134924492799711864354842521926516466414569809894984901
20919345829400875746194916968277896015908948209271155326859578871801738828433
1073694856263314513988998555584172253108923143694764517865344926695295353207
49533878557472712182660722196448840791946722974880950693413039955241273440725
16549864467384120721813823640717220287787152860670098533659216882898952460319
20660685505217014755739201230998775622571295927859492194465962930734240112813
25353797859821679691176400215052156316449043198000032560861196343124756244087
33901925648041875446016000923081076193986055621279637145939498784849106808980
38380116798639219050272176603933768543316712595941737703214751442186669289970
13992328373799034271060070516203656940561822052605755270349550477333561010383
42858326960216297481867445174804807117220881534872618502803890280230349964662
8289993558276176622033689910261837813530115506495366506291402192787319504180
13832787130847379198864062686040904215790894067337305428293421043193939663488
47840190564202621081949585120628633200323323827205061975169180709032959394745
36943162144661732494242195201403662247269822358485029038741559146292044009831
28193135449863668421436153721512035589173834625100091795931956424661899330186
34543281803045265511027063898968944830621821057306417367359529884004455205459
34233900370504894075372983733158115363911819077110064269552542009678398808976
51677397773033890464454324129302503617017495684315277396379457935295934310461
40511704531513577201723764305270003747173130063517455859524163156963384968218
528918543629441572440751519708046092382507896789555708819817786113584022270
39134395979244609209772981440404646761878289370505183746803971111076647570051
43102551736359231192909203177097771666092686176257534483039504319103271438515
44500229300857359172767784694264961242480221459753305314657984323827160904566
15932692515460551206419869062481969787285437925644637014763522081613423982935
991646530156985444630319550423300727409223444872550056162817086659578351445
20633394832027222098584262009517166925500668456219355746072767012808845821251
7031567319307143887516387330102857956669463583753546226181036126047856214948
10072702318063328989834568304716279681502081646254427144047191302121514932009
33814199863599405491794874229996059475090738527104423891804653792779403602597
6474540730952360508597684393810208053373181581711050879393337643788211049060
28581985896622879489016714054032950597403622094442481755871410939346989459329
208901774593875818694184660241487120050191538539034324673723844992388217812
35447564513393840360116263659363510849206510157905934915737604393901814272715
28998677586361515568220779591147572592142731604079952814964042996067375750061
42047064564548675070180299120309708210602407022401207370091771598001233272641
49748580783715293385717100730296018108658819854371383220853291416414905107305
33685582455842725235444552514132200172682922047570388696118703478076887980287
33653830579618577912283495244676341660543184836574768023471856095865067984166
45482611512809370341673830627434124750880218423164921846129537172254144144748
9346214706839862183181549979621780309206374489179704624882362741809934040095
2846286730134779407910686190700053080519520819773682892957950278382846871152
52124817180284526849855795465775867613909873648731208398535925198955558922883
25805870828032663768724104872492949496464214782002166127349984690422152338191
43137750537275845535798269132246777251178143627925037946936195007393239723078
49301025762053678837344913395251671446746888466590016417759036374725899977592
31143189568081508477266347642921114633535893169327075931314032417705742172798
36187768623081670028149343574830427902029591336039012645649410314316614548196
35510998796509494180730537887397957851979305673155629517271123279578468250586
52329424238022497742215345085376753555885007370881958650676209255266937183120
26037080742938332484724538566122956415931200998118901241811463169184161545173
43938401425820592041387255977463300952871715963360472834216869690047872807194
6325726204205410030798201854207847312816605871131687612242623868093940282273
48047700301319814871771896106084567395287159566326493799111430033903798046452
28467185960175925339553290720019684294902758952007478048997086934838689309812
43547057604416165525134528196374644863440311611316203550373815376264358028008
12737065245840799858493784094899187756320740310329509142388837562117568987096
8343119572624155905412361530936680079568954650600025817112841821857505960708
3874375219500636078417965050168574640163653574906816913094535006975353836234
35698453380019799033027641818414533825885409000975366456514989543317885221915
42539576350286843808633025225623619241669687859154069108827829913864386167551
335274255896272749158789139336805953807292200520066009820858059622920878384
34008849551630529481036148356850701597999253600599897363811329703899529207037
46334496369883691565174992059231526208490326040314188123772565469617002394727
21326442815482317808037481925046204775579513818139492434553560465920907496403
19272820911725858334799882685428785502342418052397610718791057970016708644732
10085668545215932455127529603611577781819454756546374378432261954270969755770
38270251059111749933827288579114567205678224361137375317994867887716770390758
8479574720819931489162948524589540628547951823720944729748182100434396840902
51987417112225580589029612887932982263964268002053002340422416509410834918357
35472804015400112454091288785656512409891948100549397671458888744887660421250
27902447380443500342459486064684736775315830533926232958342022755167202376998
40231154590567387573613066539419300569761670543660056119040100516805830483283
5823358006112130690011978589876154515617745851286676145432064100993935777838
35356093251221033542647052689242064231867373963217144809583529548617627014380
27500603739032156034652854229909077401019241396045352172914555317871734573609
34575896182015914524748195086623999849700144208268209696548222966555798137156
13505628677053440479395932907017969296059855563622534230074991294869562634398
8723019687848242523396666999371107426538010063704503074043615289667029495223
13147904043930280292852431489578480551973173303603369403517569268575939616427
47802087949817007473600824318340600214129222822525206163820402890360369178115
31032849367669618204666799384562410056987476011224394044520699462225451091054
44064525754118682229950986203679044862549301547149111249661499015502848184572
38625897352666532472123029577946939731821615979223249958129720136857980349334
51093179186022212888692702510931437161604017589760667360899566668273076312135
28829498809912296020431203049982055484736989406926822494418284838865708958143
49893556330084964077353762089358930210787234873682167517483736087937183040464
6722345445135947290953587953463527174727036716467169475767356498500870316474
24194144875941077986379700546200758171474951619318629464085280963449866615959
17853379966903922530146392461855389911321062660717082594192612044623931984313
17731343365228781729343150646090036472264673555862141397533998082155747749857
40000817340336100215105576477280785490739554071936970838900601520186766174849
52204214749050799874750950889805329570008539027722440901116295516211862748456
22358219867789726949168283928623471216080733757959040852025777735063550636871
28472175873300175150829532140978926879481336588166211513917963612370172236593
48299236837872300233403955116490519940882550421898708164608407084515364611198
11438743474942344855844404756235555844856159168001985802594816275536738413421
33917652456604232293192323331356419491301093605468604981027836128337105181285
51124264820141170482713162637093532522509478023199060643258410986114756263153
29037828853230834785352490351088270960883334456669457552472841522672442304369
51903810805804262311096218706608203017592681291946724883991528537223262053382
31330441044020756256638929037891896098594214714641441460483175630004662865140
7771900289037011421782255299838381261216426274775373354113251209059511957408
15125716361294874250739367778147504371373291341616932026558781195442820225639
15570085164841551738715596931969525665773450982648284798326860444554066140038
47465103360980217308420165402490699823768155127433211951115265919073758007787
10984142854672530001511117799142965049815968787352377561202128325771907589247
27704556396115995121687462169902503034683360782065561999189589607521843822763
10217621442910704029361682043870382428049898039395810430697487434977799215758
6158168621490744916518393576077750778444703141968721368087154747894389095085
5681737600219733191256519808309718250357845963718337082478120892788320297661
24900472199460948821773380178169027426279298397374209328825398156329334374888
9791760201453838889384915457194626745058277949473236968164520407949904043741
14971290997861175933366098460632464778802654945896419232072493059920483629141
44758769809100046994658884815155477527501899914948828376146721187513875366331
45171646143690521617831901273882737938140553463115942250024347398477489062586
46813623460098987083699498188156411518271891840011011961865977345415678946535
43373280797150768054422829905859495889849273635632159532769057491777237128016
21042315815685574305844355633666434212903114981421745645467166403727793605832
38343396408486909950055426795534373273906595331742259021077110718045537723068
308947336041774154140816019708973185446726183675406711326995283617700744929
4719456282692942009821971505119027059679793933133447950920522370763349643011
39712749759007688588621462073102625228952158057251945114934521557444819184352
20362073112047360828538014414884074017591715066139249587721548681532350818276
14041041998384772718725272007633567140267107988867584085839093087261636436117
19001993168563168263710265379724769342955054713377243697763130318375377575311
30683478227636261615907562956322246754664421802913024027230615098039239952353
44713594033074149981351195283664902823000550498840371664214331574062613581247
12470039316295137892108997951751206272822135928738639741665044745157548073627
23937427841007248245327009623209849963329332882922416398622174434524943360403
15533413444906538337082201340262320808670022534470144583223063919351492628795
30149335982281027668042873029674544309529619695507685123479269973129203166395
33106791890816243713698973087939995935071668227291775779132349061167729031597
37241711179245457928284039149113915507545313203965800673807756982890050311412
212822601844836095982585327021450798953296473449716767437311678925879669850
50949100032137514984650696496523302336468028238022882748774608145809262074219
24313339814407021447031447119842683187323747354443698303820410895147909220557
49930919884704208668660630266932581907641953793065962477573723398771511075833
23414600471720830960923479152668473946481675601708405595452425139002870833581
48591768498208657565690307202940987474927428469762802751451081825587158745790
8411430246083725776022482164988110698052819109952132064223756618628306369235
11314880390246769105098810200534058242750540391848244098669550823654947810171
28201270853231937286641243197937446229778308640019565652741426845783330424291
12772898727359289203733271287459097681428952566047138080611074151939542269426
20759836457773204966833754143368787241441969339572246845461653641355183055772
17705648296129759933999595467347057778512767965947822941542467760553147811323
52160094260376650914937530602657439697202910891797559159876377551690261289362
31991508608390250570543993195456739656319529252363680531365279891209417275754
32721853859787519141625198669639450578849627508885551014879997710302565599937
5324646411372724272600152731496840394680008240740530169691341255224975379449
42666400436552462007997860971972117164434272769964847245888725266602392803297
46578073090819186392733429583348547939094386100498100552943776807166021694919
48955246677068827500292978456363910414365086342618021837098410983743859189880
16031593754414264139172956417080468502878822518215543967737265003685580709379
39856433402434945318825692852853968488494073469065078790589065137439087890820
13558477338407639809899282226800981068442218307776760485559352500012862873148
10004078827725440629147810034585712405625548037270761737177022621384075990944
29782705613944788633573262986138690931413872765310961248018713501062511153738
41424906751939663777123281595013459547559529801293767299811618466200576422969
16468602398004616546020386637497571389446311588582228614564568428176248634952
3117312976942985244583281730453821478139517477062940939191490896549137886896
43576019169444289511113211561484201928536373176412771621066011833411467598661
3347454011461100327967936869381033366174882915379932297084671620754111281003
48754851774710166946013728596906204201239460028887710351807762154215431131537
43940442021715056788033288372131663461622756823001556675593012523173943559860
47501188305844261421324723126353137733504266015911780823547194706720115566026
27756055107452816551658719577985743319521423865918743834568041488277647156173
46638497373887350843503661138819168843238419688966612757167727045588216995037
50224715550348988036723370503799891229576777657225294428133685506717320318713
18992642811459151930816771741866129446868394470316257130008188746696856469063
14716432900648892237777933571677647922223332441718845239809345781259814948826
17188839335739420578797905797266661182300016361203682748876102053538084625538
7801971154192887629366429996286167166368012916670764043753800492927862377804
2683077618839135499036075610436061554989469076136895096400015911734317293504
