39
121
77
21
246
60
163
57
150
65
133
146
139
145
33
210
31
188
147
214
154
87
34
21
238
66
55
245
46
90
185
12
36
19
49
60
25
130
21
254
229
23
230
237
68
207
91
41
118
183
226
54
10
104
210
70
69
87
188
55
78
105
139
149
20
54
41
96
17
182
74
189
113
0
227
212
186
18
186
122
167
72
240
3
170
238
176
206
82
35
113
170
226
183
24
16
55
124
184
37
162
48
129
119
98
212
165
156
215
236
83
62
112
168
84
45
22
44
240
217
204
87
160
49
131
176
237
82
231
54
98
71
2
189
186
58
237
233
92
77
90
218
81
235
54
104
76
137
8
231
184
96
55
156
38
51
38
155
131
107
160
26
40
94
86
216
4
25
110
165
220
174
236
161
66
7
178
135
8
68
132
137
147
61
127
221
71
230
69
91
243
115
168
140
134
221
25
177
49
105
126
100
112
149
139
231
216
44
199
103
41
119
9
146
232
62
36
89
97
97
35
185
191
9
166
251
160
151
100
114
150
15
229
18
91
68
40
47
252
190
184
74
36
117
81
193
156
84
85
212
183
10
151
180
15
106
128
168
21
116
120
99
160
24
179
49
178
1
118
1
187
134
158
194
161
55
133
250
235
63
54
18
212
196
236
39
124
229
141
15
82
54
230
2
174
1
9
178
118
182
249
114
171
102
185
30
151
29
8
30
159
166
244
149
189
239
129
33
217
162
10
190
205
69
166
3
202
121
172
28
214
1
234
164
141
236
56
220
127
235
123
149
138
16
155
22
120
72
229
112
14
62
101
74
46
177
154
185
78
25
204
139
33
106
57
152
145
81
12
234
118
10
234
245
81
122
6
232
145
201
163
2
142
226
220
161
157
253
231
246
246
55
217
16
148
140
155
96
219
113
4
178
139
7
54
129
66
240
135
216
94
130
236
49
52
97
148
207
94
9
216
42
76
203
84
8
36
218
195
239
53
18
54
104
49
2
218
25
239
236
14
216
242
41
106
130
20
195
239
22
120
158
90
30
207
34
187
179
117
19
124
81
190
206
227
119
44
76
167
67
172
92
223
210
90
56
114
117
62
15
214
168
81
139
23
191
218
245
49
135
62
104
139
151
93
11
163
246
39
135
130
228
136
206
56
148
150
123
225
96
153
38
204
17
15
75
24
251
61
127
95
1
187
218
51
243
235
140
204
239
249
228
79
46
64
18
149
202
216
16
25
6
137
127
175
2
178
252
74
148
92
14
4
190
14
157
110
232
47
153
231
48
214
232
21
26
195
234
2
15
224
183
249
8
35
249
48
134
252
221
226
29
33
186
144
60
138
114
100
126
193
204
84
76
94
128
228
8
82
151
7
133
55
222
175
176
230
210
106
2
157
167
138
153
1
239
39
251
150
60
91
139
76
76
203
21
154
44
96
164
189
35
125
158
103
82
199
238
170
51
122
217
131
133
240
34
56
106
35
221
193
62
187
179
176
60
242
70
165
223
128
74
182
56
164
66
188
93
222
212
129
221
29
10
95
171
56
186
120
96
84
147
136
252
248
188
209
3
228
86
176
66
132
214
85
243
55
99
143
231
201
125
105
168
239
200
171
207
14
90
148
127
219
84
154
227
214
75
204
143
198
133
204
192
134
41
16
206
84
51
131
227
197
99
255
47
167
52
170
70
232
99
103
189
79
49
213
185
75
185
222
76
196
164
14
185
178
95
133
3
58
64
251
247
55
36
14
27
89
51
37
96
138
228
136
254
118
127
150
5
105
218
103
44
94
201
225
79
11
0
131
140
93
178
134
139
30
70
184
212
197
160
146
218
158
89
23
176
209
28
35
120
73
152
123
120
213
167
73
134
37
172
117
147
68
171
13
209
82
166
235
158
52
132
235
65
27
250
206
33
113
170
121
85
129
120
241
47
138
81
51
170
241
42
22
233
109
191
95
137
191
92
160
253
171
62
223
228
78
61
135
109
83
228
13
178
3
199
105
210
34
63
88
55
200
7
15
153
161
145
78
26
132
184
44
5
61
32
255
215
157
133
189
126
36
182
20
57
88
174
186
47
254
92
15
214
93
254
234
114
238
250
170
16
248
129
28
131
167
238
144
138
54
151
196
221
228
20
115
204
190
70
236
212
234
66
102
40
106
27
77
71
135
246
222
220
208
221
167
231
181
215
193
244
66
182
129
219
228
60
132
240
30
209
32
30
98
150
161
22
27
175
29
181
166
4
36
98
123
205
250
34
231
101
111
174
80
231
160
152
