18388001699985115968896524317475551258096765687066956961863960019581216191292
28487392590872765546321365487744488614866668428692124409787675883885139252620
25730793056612051018976747293865735478152167009579113080402944041865780630285
46439545449298005570366727639940894228508268186025321124080219118252384534858
12936952969810756262592593401534631684868717952928748012812233250911103138924
19829780681291326175186959424726618651246956592375000237498085565967652371520
36079141790053364765886054768256813028416224197988757612286499040539248431200
37290823920254430017996163175403130686110067212204875902767886719170870554212
15014796212331787200340207961832813026713213325426465417606262173201288347179
19089661213641838241014999690784142613941887233317805370063340090477130704202
16692787754623613113008608847676794786302454440703940941627307084882040361410
29479420545179649013108614890507311766649756519956526712124395995408741848879
42663002120336845289291073938893906937423735253942454232271275301136132130778
1597705882618238282078713212085753767901818913868907907686058892028169368357
