6212119924754426779131227729298387033208573843244487356686860196312399728546
2745303949357247490005782550924836945598972994358551961786454213045618403475
13172115802387136325417125890582094165689907922089411136522563983638869200268
24370459845597518718243289655160639411955995340177771366882559777263898710115
29700496055144304895644086571733851022346833131878551256345674176699932955270
3846183037714768462574731410370671933246251539070592685779606161915001496816
13739800297379491986203312476416945832141564090962479534011111479916616996034
32634868407308009543288799948687977317821924912665209392335891472165289224808
1621516261741488930611661125496963467362329122275412566754412126815497652202
26162524638129260137321834358322444326727568442125584429517646699322309383172
48573709914711088476737842388428349092033713314024544309889605366865610295518
46257247170016755191764427957975853528983390052792344460952355625173548900439
28667973483122830483283515406516774714059885129433724766891148082581814246499
39936631723668729893878964382598195051761060092164402018262142661132826946734
29980688990914204048835883495621339176594211095898506782056155894863859422933
895468835719498626009473739349660279764374421998961579962840753981910782445
44160340160159451443776494573030573679612010021606148914351302020869465368656
14768491350282651191229807305797694271439753798473947050130901771196492387689
51159792266476811498232921840585471353337917981899924620901242177610101670251
6189441955420155037421489214053859873050528391082364781723563672417526374826
14576686418596509766180275573061098536151353066514640493427813307431409590972
2249200592517486720046958762688698929832272748744968176186408144901093772956
6095754744368271518624403231070052615919034586007023826685599453276488207870
42442251808106800428500956473700032152329671780087923637400399083409231295174
40863268873848189530354141637615723353785099080625904011833391813865740401726
4250510798533268575531085220180318351517185695151291018193751069549415876073
22602660633792944895558194365769236790649625491796273259798209051770296970524
44611341609887770120008345435537112737919258030010617230625872180794431637147
39307823107924223378505184385662949067745993781351167247720080334904077221702
48430667951505558191377131664715762606216668176209443360682212031647171852699
47986512720295797727615614893351446497585517826204394936643167889239785269863
13138982859889207791606185354015812473018576836233398815061631005060363158635
23187475189746029258608403870045419718238389087405814412793772207279865619047
39968110965964559905522054739451513125774595566054002273283898576234857293116
32076873550871767597352613764519946398403668009477378077799291770251909177938
49716091643649138067278344373261238374147118637376102443872346592238912379104
48239991421419250875320155426612174923391259941397683309032032417379282126502
24062462919445060193035200792170296579101724969963460179984484959080165340871
26109647349190826260054077615417422059752184323406206813408368572665105396936
22475597326106176357480419718895179659686092202360091367123420567480622717028
8106464170045569987787045201405278747617549110098674770099195815108722784165
45610009993666635483389035438485968723743611937183635204802756755818801087158
33558347556696122009367412527486594832145184978913050515779387142059599684818
5934613809108170547146256005811560002049496199185463254593651889049919991591
25996981562676376617711965133605686969412969145003071640621761319415677443313
45978167131488447947486199399351804075425409372096114471321238740044173479012
44203540024186419845468576266951410463427904755030352845706456784605846200408
3266592894872351903510770763843598846281593046859177737611836957431635249814
48020596156337154675651472876528338879230386571072538951016675129611347221525
38836013679254608645451218035423439154138949351006981004117673706849817850955
35431571262445574044397955701847754178796313703487957259522733593733439117122
3540280769435792016830745927147354229293508938869439429858638626238896963851
7409406621247997552416512820899096075843740024771887806148031177799539802868
31846780149388050334650417186757251966984305847681756355063948389332835690566
13789054431208775493042826760352593986838323564447794987289830636970590148962
33933990320044986244917888339965923000657823471511390709191089135539356024029
29898927566891508721395716759297183354843811641460433642415545782959174493753
32548622482290252962818623360524643537674778082267888382868131067623503054205
40518285235030390356086508486065028044876586811847362262398261710932890175499
4012202488759910338611429135635655793019028414058847135296845708083346822678
36531314719653695329249720604687583365326071497054828090937538964556783092640
22015496940813538971469643437428863917539846906092480639793157913428643776057
28330813616456986036009222297851228003042999436618044630908155585028739827832
33539412884075817598772441369399037881013400804029072020633011021412869043430
23366569994793930206666933677438304163563838627120782818283406537072255131322
23515878255077658501842826541207644857437828001055029917591054274245578264919
26918141270230913679226243818109174689383056564964326520203315949279277952558
31104920663525874785222790645226939866709579785654569663089487060311201060792
19016462380743558618558033286276253810244059572809131461057677293942463010792
8010765687790092885657018289605732443655997189975774623097945892857370382231
44045858271456635517756685613466136657331114991203634991763018150676166289047
21054147081711777077679681475916062728499340248921818396168104921656426833282
44821994951503654361413222605614973007738883496319612342416875614706359555810
26824987633675196714839746262238111942033611966738704831525023706759919122528
49824591903409724002230635765026913375991986748744469621435736109830153744913
1154298215814921531074440415437888109751489750923466753671998465235043516966
35071801426090198114854893384809997429349763094560625046237690660311940527935
1870467270196527352689324582946770062246101511228193582091095197410039196352
47915683970614922135656183690567011739689575377995857123160251342921326537416
38958163865662713751111016042895774852982157536867820472017002229694272515882
7681330954320452086204580212029820274261424306285681955339970309529180225245
19422511211098631727702223943134862989768994438326937020693468269442046484652
44180507566595222461922092268059511190950651471599440634920158248948613055921
34210498950928963245930960530568779524989835152405199994939738108110652372853
51031924826472605920052306413892261864591424058268172648473299855895490698614
1840651704856961070757260237747281781739595263999112042481644437850783811024
33681433865399667850505844331803961138147574582011587814683723657323008083995
52175855170358017852228335568702864645193420455390232231825654395580858541406
11338079802087223361114035835273042297366608418903819389506896894373450916625
45589746865207902892924718942445007217103058208697885827754407689890241077246
8898700320532697266809742383386744073688372986564140223658071342997539573871
5186264509375318594004063191880070259080199425048076682382567827759221910480
3026310057308204107361586435809630273508453020300681506717656715843433128222
37418066371060932743212399106187225686802187919874423511230445168410743167340
50744080430085776711784901626155552590731264329698894203176238400454202906092
12012687516499805137423203880152286184273650743251105748845155610829171012636
21938433547777363576103339609017086379498415649582365906881653136949123456041
27125762524875280565508053597129740337350869148777130932754381089827628070221
49239343437022089817521852693762205864236423383975346269612660099085846790657
48014410100860511202904866075775635969335359503948903917971841782506728982953
17309100579240611700059974639102951091099335027033303200136875608235370291823
48722606918622604092433516340821801636991161764190339127337333432843228709124
31218532395179907469075571096814626307360821844166279133262251888014881998447
29947107750473545765124463949926357053606147868230546904120280701534383686960
48134723126609789052026603659592082927720396947987735939577449894454768607213
12914606998379329536963394471042232210229255123975997979874737526097785734767
3753970456351631800821511422587835032535779119209605016504039568005172907362
45781491929574198937975869098043570425519911809875549517718666423323469156356
36728266017640312849256125123849069043243289837358920360135312301356381134404
34909789411584866818536274052738232131115564555062786695033391472732243271538
23774048842250769616342097208209228581063569195749467083662311363818377787863
13182640872039681529034177732547862019042825520172331760362156637157081179824
34939077501017839105225246763306299080334187826402021023253691764378983087068
18495071951318356417994496518346065588556531373252094808952741460480036595566
3959223739461880464757285495088921668665457882005792374338677749148119642225
36761324584018566539576398563622965852154722533426889868927422583783371738231
14022695549749819474098089999202162421155418318363646285254046797926339855953
1135564475779397163134995496429372643522377039355980889481776862491062593223
35920819496530124403874133669649231668017019012947775458686860558763509273154
42885649676101929886301440450575506119607647957973997837212169897715267712423
15715062193810839186521952755385515731456867475087142253600386407530909666110
28257510174389138633757456693351874251006576385010029362836358625337579282593
47920526561274756258409519529741755558857993588052449338615000251709420190206
40589837858844289498785685537162143388732860460998764567462749023580316482775
47397183442557931094189158061009306626128523463602828621977961135213312090136
43028837920907620474614044914476318790632273436704887010251492582789638669717
43839533010105118167511220499723737972584487414216647170525385366067267285898
22222382889659519062446625724381292282299544971287566510780304341181150248723
26595305410035655289982746470095532509809388835451125734145175813189930905618
22109823760066166308938363103378008397638103056391654188512001314411608845840
11185495793461105203877974251366448063780118454720079009639960548152868042807
52232996823048731148940010372017491306925651851794900416699331239360093710891
12305953595909065997922957704248982005068406385200696596886364905375579163226
36226728881470012771547115052895402464989030795370323853851492026031725687924
18509271010932613101439033227761224211697770838754192894114459898466818177798
43168248447253230240575421763149080942460208259337021632269592861574549529820
10230084019864336679927430767295294123432365833297485573303719735996904203249
20155561666652285035674591324454076588197198731821321394636922654894214992721
4031679432569443979607282053545480853577747597915695166539359145407195911170
41446944125656393228877541170724632404840787521268244748660517391943554361567
24144211723188960008544851556259930203725749115795153881246410154228090233465
2181571188169978689156804375634774334496817444126433071648981634421987780618
16495116497075629768321725716029197968405996280954154287140435727413473264098
37016401636853322050717188282323049988632645403039774806320992414615058886227
42636437249322020908201079121935914896669962639553475685263713366207293236001
51881984770218122193187614604839165993627452220852147228058385412154301886955
38675562103562535142182843735058554948136743415467805786249585134556956520153
25260042950758273512099160931249315356848967959074640659114513346159855694808
43119561528263765028331925042022991814132231883361381510862610029210415155732
43565922166240891510545434078746336148872780820188592424374145285630325152382
17031944170449699227180826716956394292234599021785826920690305937773469125010
29331192536889868004755114335305086337388786448395914918827574653329747688041
20569622717920125797906481203373964387188590224103845895110924799244548620366
34625252515778966601345254792460440177153593587437140423257368001908932231833
47418722329082543686741102904502349885829038769141484110724830802268611893785
3724162597439993231988167809441494558492297499001411948458312499992039105237
861428576266362537929427946760914702570277374492995590881006246519718998219
21509464595021035958897430138363255379526322104046417119380238193901295475055
15120123096491729134549355407951493887955491856540348135036922561329647188432
9465391966661494605508371083350080736481801901579328962687265502741681854410
50811703120210881014692089329431685145941084756996259103068731920047489168241
7259389486282535341815315675569721139010079815129670277340792142564040222496
46515853160769820374395231092765030639681258343766964946511286660722895758353
4981989964105047292001147021040568785238708232936791624616310934552948464880
30965754372432452380678489090104707404582311528034162198708762183933991684994
39302040381429336300898330813385409308156396813486461219792407116029230198188
20486075968781444667542897251636103694974084656393904951504028251901854972279
30626797856963012746852612577726612798308846590607179854820501701313100739699
42210162069294900613490763076373518011140874999325660709271820816261660182492
40503871047482658115942304214399997209441713812260004576073877800103079701820
39179738019719185438729488485913161617519256643319330930289486956065459278270
49682043452424038318637083625148064465459134446231989980254385035246589691140
601042347552294364046640676730974834939076826849146490783789811721257701882
45113513144592118462165867939064477875857432722901850413777326946866499766597
16776057428220830010506868874996563621094840678185293772678744950911574846713
50381252583452569649917080036562986797096418266980277336007318900081091587810
49721891407388379965312046692886370080873169112409645427052132884028578651732
26950099334032440231641384866160848252852164573491528232646455790466114313147
27406288418426181566464613077078596598283422898094887215334963927375108454070
29954316772574040914767605896553503652424886145416531218370680887807505110218
15875803527545548156913260148413987119875582595448186272716512920387430220590
38624617115471363417967105199334011306475514683831253190569242163746084697302
41189337379440793957526901019282129568157962974211027822806026265851228220322
13014024956426738065139715262542793628379659125174789193944421154802439858475
35925381097268822492768815087244676716420501932634984628816407658789567134401
18045067474743604911004217518809681388971507926082021634863028926703421699214
32527434824236454698446905548648545430114661477733561073164121100268667706878
35682467519982712753391799224640770348663275840499374206711576943496035292144
25782441217451005035516222930887501840142754066741334200441607818935412949265
10756071468750170350697972449785511669739981705371699328179636287700599371466
31738287782506997930005344641409617616343838373200864642277697179932768003958
47433227118143604033272008208992066751013154338522595742978135351953056237421
19957018594225754480708983694438084199699480644898378683973614920534037045923
48539107556743249869520372098415398260735669656608090205699302978702646146826
28175895951157987134502035659920396894527807176395964933329920944529526343904
29168546270302664404297843226820557160366453818740445380430128166016232236574
29728764293392682414905056683721286719276667494961719883348270210794140086203
20108494196594086860130075463306852979436935647252552177078232397929882161880
21506352148777316061247461409023171700628116813572213448717504461579829417026
12562629342594484377814316474642706521488966287880767261345223391433845683277
13315560943753056381891448624845482741129049719051616035590797388110635407874
30048977195761747655813061075753551394931085244771261471582227272909831979268
37302230677065514612398474666851900019429413206714854182126515737824031959455
22866717582708678211914908832027251341758778954742404489937437192123620167141
43274321872957902564259689112186087092801369922186133631018098727330306676598
32829827111575078657762973512938839173264898990982067997600132938204122380173
49808303527481891384453201920830677734117845882028158385488152246413052323097
32955464927686737572545379021417945667212898519248408726777216297176396114033
20392053107215824956477440837653418177340940695340965843301949206599387811235
6806070216760963567681586566326388651524448028160866048412642879788315368523
50012803763324529232922972875344190663708035204625111869625039782014744729382
18450308639132236679442986354408574070435855896064302864812641765678204203561
37116988330085643353918378691466452898631323032003715945049717598129962876930
39806074968448127421843004556781933471292968243514139923012390288879936519832
42502430667686679404483202384066450690072106305251616739494857233932087985647
41257180203750961348090871046596314608270703258159590831878453674034030946535
25611752396616211312786456780035583219785078227767337931794181769415506671661
19662993581966546812896480434724188549053150115490493307155685904582171823031
32011393322089181535922911233576746813489123055439178444975989447866195011494
39122837949766233233767628096110598017219695958705669860895798353610949831819
39831250558466689175583525851509513338660711756164098251792002860390730388059
13202954735901645730689608148288938733222204931794305093665121485418370959636
48975098286314983766615408301167007654709842514066154906272324307555591258016
21611701286903939143190103102483323110243304963928958017735021858646507400602
28387050775875466233079827552747080070259049202662572071874326496891439614621
22916508338623709688030725044373658247698090308658842505003449520416625997346
19167246080489236966427407371504597676369139107606581214292369328870813528986
43324760722037204690767037953215148417797366195330899961594883586627946865437
52346025456501865491383223353598708803987011354178113589161868150585750925439
18338754705429868127146259833243608566213174667857782472661735026649552804349
42511745329707483714515155940186311014408420384239619135845333587631669730135
18444905112073055885453775934176233735625193779369977156068235066713953873094
36581427320137822859267266744127182878449568755567358639115950704503310547113
20195346515013484924605835356900037996035842938860902892650475104112053676569
26748754997471448120594845947954996046636725836395611461593352111464219536702
42273487394515707861017083918647237975801567897257886784260774090096882133151
32368990676700866574939468270126592731227877329843201659144578250758893604666
35940978577291880303683245521823278977677146666367549933991599191992153639561
42988932899518733767751014047055507801061168940761202345595129096108951860321
18130094464460535153023334583354092870003214522207732073169357406325097804447
40453871630546410937174071974060553486720260810318063971294058722881516693746
31492549008905390148723830162459527333878733684142608951125274406321004532660
46566643506484894011362010706475990639762869337298595992732365834107925031495
36265174819962242041717400017578513164696583691177627951637146875290052981090
17078279898105421068501649701323150132422472644834387249677487380301337320073
48791754007015820938755583873628558051240801670891507314559213738083810852798
47810312920188461059281330023931674563645209474779798672723143579584461935356
13445681695831405664024356974205246619625687696365754605306213486173658220655
35480511128540302943397614364043016487798325451342560184740729260677310443275
10043147090113010201587910870029346034754309613891074308916166661568221701996
46406374819995517724699072179784141188482583264633265750204241455351144527975
48518391225915421584982329612851775257833122467784684386975418322857459849373
37086991744508795889009149736884783912859340630442334704384639383648496936851
18357679312310842330013455065295422510068831904206192558957303455462552867452
10843162359852768595345216460977759326269669368352852837465412358751959323885
41252324212326334408842945943550176385955055737785443210790089315300650270466
10806432500538537124730530210708934518210984653847451788310557860604967588205
19416726366906207488694021733764100113753820062549743795905850334441954332856
49041759222933700715055811539547381030639974985791755485561541769262968017862
4051976397364891223575917243576475464335119371966941622299003689436808634348
11196195926308341259881134787339812162095205715109645420238165215676520238450
27108747568659221360738924314852482795888767161231226824588207655234932545922
37324795755848561173750279101387205245381348743791871796861021722848442071104
39626676140199161525621539734736194130922203624087746982048611237106406199316
8559455811352833558392302053031439521798779193492260708324129782373035744250
27167226242999491608103437305270785648156302320239262133401206280248438089892
43464464595731526004964624324376412296893089339490628780379760410224468900220
30712366699907272040083669561906049074244469353025522396131791236687485899051
12832739235680812312222485644679266152378630046265073742065255257361841883263
23287738871942594144063196307720122653367919866248072064754976326405943682994
11742942234964173823740741998779177786033476510704624408406074243566417271290
20746364351562762070217101986529613216922242758561569071714984593285407387996
1319367751689032454532210268358733634828017444289351324929917368673979703671
47528137112421428208470847445363125023406699567520224170984381626880156578702
14057443426582616142245147312433782079619238520623956622698547326091843296259
30999712787763991777847339360819405521034874090682725331244741657380598458812
45523022378865823337855483842655890636235351155388238070030190963555613343847
611827677664145376334994685966088268747552393681717652741882999353096412419
13229269151210252126417799141209115513193082258988034855539837720357931193989
27674320899262271848682814546185068259159526116124917686498489061603784908438
16721523732001384960043319808185602882011535207403686489112363896672719657810
43627354168757413222588130922968871426221686270718511095085448688838523524167
18307053222752445263896581309876459968986973247760552673276770589854148928800
20553200367584426862702536533646561560349977025480715805501942819183098127788
40195827602794357122033936003974873173230319329698137857352304171352498503840
13444503906074204922432847771348925670180507821759760946454859779195313986176
14226452515120820016277934790204092105275282588994878607182358236434447702017
7768327502069694568853855602087530436367609365166671886501169167761326148714
24886402734132254466671601527434688100686100551532587960931367359750126682253
10809696747680006034523473165055280551701404962307117415400637393847145663745
17931488639095215314570537273417055426337568469955543414860284361676189902807
5281383885559614693712317853798009368566647955434105501346007219258452987987
51216873369292714860994875829901216547930779376711817663889956261395293775139
24904861198238082397468243133650349266962411760545663359078900086651428280085
993894240099118350820039063921876293843318984573967645126326687483382543233
43578989332240147675044532705185654843668211219788020611150035781522118321791
14507398051756064587965675840151602873656810100434499547052231950804209394843
43101050833348927674999900678209568361523208211974864990499178238766725410114
49547424088293849087716644265723521576389232832222109359490547228036167710899
35330172128425921323661483352507709665125725171940401558015413188605172051466
26227456072159270347005333678212298242893305165212917621466640968349372009440
49831748005328703773352514241033812314867412444015715384374921611608438395364
30454339480407389748158420206715418038033030515285191565614767557477296225025
12744337204708290023415559869509740455209006461649563631369044471822486127923
6422685765924120207916545756366780554533544305704954654015355158574914128010
3063158846514259862010389546755521675356373088376045121162437257503687026071
51649223305001524621287323808530583408558364103007725868720966749736797898935
29977605587917550219215730473245294808330707044696156910558381142275222173369
35873175762303953090738471772149959547917141353027551818797013042032974843196
13288567976373766608240320499460824903539769442953377332098671422713543007479
5183181943221105394113141673135878840686476980686820762374040761137671304809
32771603778245078097387658537322381709808738785824742359660050603043826846443
35398269167015781200531974208452523180840907774648141025200778907301295397403
15652294347386644019132678263879604715238562990501307149274074385700209686087
51318908282097062612701815764477947283724894578709253664035299794384266347565
37240229899220129594359344353896897429003169633471568982296252910211232638614
45546903330086214917981844952127811085433904865235736080520965472680096092366
7261878822105710286700839339046952330138452964009862249844933493709070999062
34637512950271659525051807666513438946229077139656333074638671090334315806542
15646386430066179058418753907718873495775519688590297286069120889660071280813
21219583230416271567076274714486869436343783232974552060598497890014915186971
29002479349205684054645558759777160733786115720933513023123291947512778049357
43271615643045287872351073503794722113365458113600268849424349158845360940231
35609095246003253733007482261765293200918149350548953564285336114405981994526
41995650700658252406147216739363806364692876002914486199662878864194396401000
43998407884054989446561533442143592958376670393768288945052369676706051183261
27015129170914543165937942115441406709806350066963026125553836227962074592171
14853560942231428325578812027291152347824890004193295169349124592656023172539
7915432056358552684490511259291714631543522231289975638324969151405267490535
50405822292834167184505421522347519977668598549232594880271977367126937075618
50064952640377730682220201637361724517973081465324231947663592834095526712859
50667665158452928956207832229985028730259862678356639794114128830996886653614
9911085804305056138942879028033623261531932605765685606756143807800827638582
23847429961029166811182904712470913499943846151245842178241938709718679454247
2101989718492403895912030550057411306700851486467520743101732867923022965162
48966812999183559698355087838842699132196304020265140437798921751363324468791
16045254422269565343084320749223958953424956639016903122218007423237340013452
39262866813497846368261490688829555404895034327461387440299986394198601657933
40858633681883664734109119572185013689479673349817473335656632447807512255161
9936054997912444056946668066760592054577892333771331252827396198665496864208
9155668463439205377836037950105359791520784798242002677722909181605748213002
24243326412193962611857721980561292641423924509006050721638225355514884722181
48662078346429911289321516217341157572934419461587460151566290607523115043900
43248620404774507039707807084119068827515388132254221802335630689277605994778
42772882890244390949107457828874582817595482679425685381275688153296101944037
4940003821917334975630163298128100421674092195901520254337080846925935319098
23761403474918981504801275106217569059746925152928287887206347170072267407866
15591854797795693561857098967547750014808092359627772726408566840655714882604
3538409746117245593557344939672885600661568109539156943747502764334450012372
29775318574440217854326273010736310634157656167341246654928569975040086034964
903600195470733873157938772794691855359830912488733981314607968743361948737
46826908841076236801898803743516222487252096267386636324026635800794129098312
11676500966954099827664712039241108708419481055368393701021936246942200983761
34050341732440723433839842959367359280304153437653714467116985983898518745283
46586794233651119796665820372313771186580001498708737840882609012798271766890
7321664245422151709895023681325987645780725327250067726401145497940108895465
43727246286679771166481625147389602487654397027848781516856034986391275189270
24024219383638511906772817160245480074072844682757825079909164870371135740912
4228240331682164317024407442724524161997392195983067189984011646139019613648
37752475362901290129632271148830953087460028899435658903294729160146121852177
15554450809463125573130162093120429495452053833145074684418770552137488993988
3151706837215196098330527746789597757163895720945128163221609973977135770676
15806958724012764218794585236326876541640871024096343837899180259252899494534
29807999103261969033018262301196087994919022595233821073755238019480572594058
1960170044367635272937487638872535798335584910893503252365984882467344825945
41344470812501582631405439177419935687843903658408863578463363930306559715967
8708532536424469682355922995605900021320732128636013117900122355355380896651
52182521478355114468373418077532419380018350586205682430802776157108069427709
22184891885935355137620224229671146306582371742765588601357050052496128659039
2550351783758249376008203790143693500669402319308276912050815414743352177323
33839305984668929477272535588259826817768365359324032281979444172750316317177
1045456895872201027114316033872706534324688808015047585758026324001136053003
35194971855726301797440368330338586249818449075278542487126387397830100060509
33028694878969605369091294356172212608782486233493759153502043898596746250170
21245031532000237690766173251292447615333955808989216579513375306269070024540
3278385912560343078266313718268573511935844796518274560235656177099223030655
23308100687422384840801215675410495313534941162642133358786628728788713152727
7028651080636408369738314257313832587174332843091535698819946030003537140746
11161474699174606320568167111426484183463916068933092920575291967038967466704
5762244622013657454304597046537349167978601071426565957730499272140674821916
39177323215430168149504305719354464618853237282510986763661177592147691344571
49910155537444683962489737853237123983663488679950886721332551492455648495242
14065209288555106404473956581709886419903707144075819456725490274805586591872
34568885536068814602541982651545847603380322860006591179108454113411002447413
36772030734927370206347290173044286967213361353746121427495578442997032446050
49840891449434980019232014005685586178669041602503239373757016417094410374243
41912704652790133043590513711209723761121619187856177971945727056579942216800
50182835456440915683085936914032863231146017149268271963857139219046034971853
33406470137701653894867480504181539875082372920052571113834826024508926182363
22047986677263605911241012247920063990931952864878636396780675789146229808604
29263276676004130967856113467209001179305612420691211097601831304357554970770
16781020716156675161603428386177628415776466720813994257387969137178980072582
30250594555335695776046338397270553568314611512974189724116058088215530814959
51200237002952111592315280350336005681785704617392740870795347526300132771768
35815172092905217512298760342096183395735959438673434121094067553320170333322
32175240164496222200423704829630974259493521282711116610495141716040609646605
23884318975222870877623917663302475960017769823796055402390940133201336670999
19012490285320011098770624907919798131911508976199070887924739647961560195132
41950143401156091053192904053075448105349020603369401481303042232265951647195
26168520794201859509555268826408819076578047641823666922492300006299572676548
46220641443286391602365234130952552765987364048349736918426674120034723230819
480305782842352811906462685198272312697996116617804012187167657149966449987
37328109726822878089423737899667319453701283317294114279509679556143975591276
10850115997207145931578389897616879207086145977513899892954906286578735791670
33928179409128977128924982032567551469490824698716996476301515982104237572363
6279147370629437077897747835771776644586279087510751608607383399370692227469
1382131556808567275308094494531989820707322975325645566573605024256847929570
51324722958039248328501982069096511017309933970516183400297235157376059154232
8491104371779124286012332397726037842501678136562422230158160209066764298501
24139984425072319421245819159327408968484588321183230750660922386358800155183
14235877104888966170752436405127981815050393780992436420262196558032929874192
49320517100293774198522567949222945978735173027432711755294668163796885296517
6683671900755146395522026034168256027495627622751766658349227571189072402341
37221764971271507170463030526602493464442848083002110215934529252929531106827
33399763398075333854081341876936704614982956086248874515095200004635971611646
8430644534919338100600185346056583411367760883799226514037498619240372286023
45036144644591711051029660533103792071501944739603839589101661081505872071707
9748703056381813254207439845923526904677273054148681981831190788547940452513
36001538659692569928870453273148039707587878763649748247736842904661937771875
10941697981686405960605340476882253828464664138997339847218061632875582140756
26711160921232909937289298369081414336823286680708993379352334841093795924155
34013793324461868268784573326292300225923823311301003496130320654863009255924
41704903193347469903540003343521515957663387829140194110133296891842963526016
18892185209659673421402625933403542149997007014491457223025309251304865242388
42784356159779101533718256600641060016316518498842370815758611950174751760792
29326761469450135067815260977033096791501256928062361653289614687089600079053
16042690652591193761488203741552830275220325206366941210864979198515364154816
33670116013667387634808159716606437316557341542759408530283388657218062695746
37364207244312416294946162430062832210173947232521267632595246906015449260541
45057600701540612685323144728989668758303437080757984448720376009399315819788
690087319111620639672749242176146318516900425752539156293410154979780379321
52201122741047123170514802733222405363357559768399500853753781476915069239201
9317021969121378149929541072691866528344901080419194227627464998171183953838
49724925421518336799172880336786261835825361058035392998016597779027735130485
19883226559934609689183785432958996892472108395441015716212607559121686373001
8553359695681952468853492056405471774524715118610348507574319291165756049918
22376268430975651728879958071827479794300594086841777299952928957374520095892
39547711260233508865687720559747786658221683777747762550196110578451638430568
21986160509504184823105238512930441358454772209975210870372008049805133437415
49098535699230382662699170064169003606613890417439362422672369553061295248916
6443667257870484809575456485755866636784059319687076337567302986228864086100
33309286270558895023743935348758763508391757258428135838292356565278412681121
30399152866376526326815004261086907976887282154636066164232957616470358854234
36160431991937444309161484383175408094690450112959423071919735044465788327898
39426515160652919719519465863287375768689972041910597887625631385393698105101
8926377945440171197014862613278352544744685077788359837315788187058672632815
3864441728971617327138693980253791440017464326839289042310327454825378768391
20769191387765851029850810287962715467398917341971137528615043506348379988880
9343119290363374945050163452209090363580371345606940456142844660909146802580
13523797772847369825883744266810240758201385851167610361334936097729422339152
7103322929992660275487047583747163303919171620660975145010221757685446774996
21511779191386099452822019009049360428892583415659729212453288521549312283652
48324907998119124256002027841880817150413196731275947816921228588146863347040
27926904069794971030865835824034359873096868063611682129930827337975182966657
34740609548149976547072224347123152621812790725898640981174148108569414803027
37889593960892316310886170201720129866977014607888620574335398506997067403560
16005484429730620869405889532172596802464496989201794630096468932731945806351
8513993653317563941901263415571945259569073022350501860493027062022307405594
1463061040015095661962493206431549071937802170057792138602901776322803041059
27591350514474619859120360790372627525996071463568470804959941368745967795166
3487669280000257485583625275662937540282951704706696322290676945943381615148
22059730257080972559593357496132527748839704430778026366567928290222477341893
19432668511442185536602731915739972969895385715472637468478357542360365111512
34048297478701500177094278291611357796902459323158504393565578458584048765202
24228520937369408986851911256050499295405607342926953649235167084978980598864
41380907969064274367775412758206343847420006069638045637980322627880180583679
16609550950927251448633626798805477139141723625115823683243990577083468656368
25015172195265777570651828405007823760374862201030535679830854003809194921338
24747100740679521239314766018774937153876565153199812660870317595056532271892
44755660415057466060254596706461400076751567068485966365207017809020013408757
26261287463596632435687417441259192076102067183703626444848086048817048732214
5942340617166556760499092676610645899520156746440581398654085146108566364764
10512624245515180164314267751109030693568609593745848138158320870854929310997
4505276601822643122111537812747212221709989685840484964990453548088707451907
51337226272356127930792307856557645975837678259091795807508624543353732161103
52332764701278121395117465086485060913887733527229876799690627145833023569574
32149143232497496304370679379583126226457200617304135481943421073746134926338
33054578978354763685598899016445564411350241780146384700269447285188466137790
29571721988231104978612664740402800869850150792638791073695288490775105595957
5306025348799291121612494013530041708113033107887962180338221841068353657350
29862102855919143168612306024710578604116431251845032736169834873045189287945
45448267113665242260940291796411422411328225581315922666190082300602249207467
833137838103474489484850547207179634524347689148398801761865125505494336664
30340717655536905313106522596752329506849621479231506913914812829715994020
13756108293428051425552943636497751719403037653230056239759989910120845535298
24833283388854720601023815533989365561434047896358758633796612293417354142522
8382919815037655774001247470710188322525236165345907732003651958214224418038
48069656422819478936065318735962016863318110653269186929529291351906451994160
49089902790227338386802900080324095741347831666780722760504242370737452046191
29928018576359407602475938701909222981064907060960988917929543362422830583567
50547280110179600181876870268365311956621898728655696556230395549667825541252
21517703742895235947971976283421450321372291876068674079456290873162223987862
48942872913724385514582274136050333537676086198868339070337767344529001139633
34354143224933575019531285522851557078156441132949593608832920096294218958339
51549625259609824885570515241868028604140164162442220411402594977046641737494
41433353690087114286897720766499924690506576134189377116712462582584241814421
5483051983113228016806794229779008540890821722047511122158661374558371633421
19318489276802489210298473656764397281439999956093110289209864919182422963902
35724383210849709386330673612200987481343742248908219495901475595662444600484
9957210150069068601213164568533655976933693694471505251005500777742650951123
4505979578847027564233481193645375114066288897820096448159064213696765639446
43566373372638734449905664833127019147607619262560889122318630041377479007228
52403806154394396814132990431122158867159673271225630221007173208958368188505
18317216888422242755690756296080278576966334969524328189096881653956681510544
48710612591842385472592924813513136247516671353760823651963762338392727293347
44654797299442053453162025733908350707026238296102432587929477581347603762942
20282895304931376583902473632530271468538189728111300439186635616380176568258
2782074508850158205557313967661442606130189669743296177124452467338395550836
45879513697884186537213313305456768338298863568909264112159804497931146803006
12637838755534949359978173290124172430223851631356718023964476591563299877742
22868197832342283976587474525617264611998926538071664016179382024914048696829
814598624552076274843686619474243847637092285207804422735560823762583094797
2191678604910160000554399486482875114531440260537666190427981984728363974824
6004287604873999360015408367705461074587127683815410751069902735505536956866
37718792024233231123714061526830622309607048674598523306524706829692610299429
49025118492546417138254649388201192268179309270467971317564127219049511572964
29508928868987423367907660740276606991627762428302204811759089126033752414161
21229990305516544417895856495725816703385641141104081540330459786344797634727
27550549493743006757199169553291261439700536403161485114180066512982862463244
12529964218614458635152271886544033691086672570153047603537690684814506537110
48831342195730307679066361741990952020584914897649170427759800790847492059984
46422223323907422247458539663558817045076742147995377633686001461473902028685
38908233096092414471919781956492257479434338538439969192489343061304090673550
550136350719074911441713012747242637493206657713063149387793439879592181806
23292188334838530056553878068587896694564553536041603439202947355780597760545
42555973787775707731575856123491538762535951647770416853464433267191145640447
42604480820613138036346632222540863975147756483267806884514390505005562665956
26062982521078186442534551741553035461025789534179100776808706680540189640604
36483329707601111684789290737309807452723434754088274159992958362994280513736
33687853050094439634860834503818230585557870272919919021236630283881062128382
43795559864472945226281467070923730329321828861778669459876633673115077624985
41421207791231225434427215463322933986359998652099852172761909546126505578450
49009074768555402615038726786190649316109823900088611743744831305191933338171
35719826764165168577909956843752672439572616866269429435758368684131992227513
40208608084467994698121604484522738139594031792054621832551856160385409561929
18985017424299250478510471334538312229179770597939772292531653009254636968590
28641026053816745922938932480776843583372697207685211252572882876068686576776
17188883124011536251456689908394472270488725841185889537410176244380940474730
2899920256127399855218277458433417223304564214074933295491257597988466152171
1979865857418429659265217752296360430676250415528446058323734272487618285848
35971037541019985026969843069296017290241138864802957243725186722753181094976
49683234709060917087220112230551050068134843007832138454326949907454372295891
36076323998419158983955546627311640969161729728459886881552716603198995776778
39794599675424525740445287648514913357307090521944157338700493586402060245516
39437557758813055850946848684897796832856163771915815333059404134966373499899
40105170161677871408670155882309024711857910103524515241853412848343071675413
10407945198932428528045140304719827520923544313850763860925355598363052844678
16894745132247330536209040010610048453617466966344633723485624381158410109018
42822545947622079333269879505409801876643942268235166295949507577579851520515
16913130702092738706826634305456726264119071108056636603129648579586237599024
44753612411735933198412034465898026396439733760850461904665749039116713082818
18741900270271285152475236952377017571323210923384120604587097293048763124278
48322397176377581461670180161093752228788642389457149257675683762243333904490
26638458012656729757590734676712561375497805150960389818672367300231942840114
15743918188445968573225038629538427504330134552066915401205709918666093526273
7240240522118538310363978590599147321633440490066818272356455837304600797339
7783556645749007995969229908163053551079663020502370040948889808644713105999
7866657674656849967059211577566159327350020520931521494318459107984326027425
19290816331813846476522772376109440536153271032437831294386096175150533845038
51800335704766041459634887624314680464543537676536571094081264492460063788828
25490579081320718456170959089361794024520628272477413126419863122247610107015
22041890595592943617232997296455494474540906178060053344857165600297588935242
50361788570403212850474608682043002710300134548476707805601208372499097793841
30736173325803857141011687473464714436212333521804788909386082843167379291390
27378068863779035822238185650784482469954344558234589461246696395945652906519
2805411026784336791298782691932562454824150132564570229284967812848831473233
41091558293463391722722777659007254922261987920056001496891167050838215273998
22919752108356719020923768330030714469099866952341008026177485594020321106524
37279199564913442823891512017968229228912319206848566095248687900965067540944
16189789681289959199785678368881205385156766073945551479891927086599343226312
6805577753762755606163274838794383394966335567481877368590382174838094931415
40490459637097302411084819183068453471158687578556226028463760243646718966911
20467456012531114844700661805767761048285692524238254179569194432950374864001
5797225839587232738366894652751595528486807726707635798109031648847843205527
17913258329135314838540141482974790721559222862708306160523524817180702069693
40232422003251596234091076683848638266576812346966094676910350920628204381273
18201819202453817522273101770286282214183301850091141081652651377227736918505
25359670324621672393885886147956482225472355735325620400970920251941275127530
32540200591679182760949747573855094317445487680783277850699286815227634430652
19357929355582605442006274284809205227495294754964832876879366227849643682383
5020642603631512157645191349049344308178901464760638626490145514287489138361
27604453665871972419811195837663643306709020024076402372661183747103334417228
4520472991571889900225009801203953522836527650924471290930618861788842467664
24434167758786978036988877341233958755193632202754885076548210770337352406324
33631312863696735379697639599505727706644538075567622533461733735204687502439
34513904417217994722375971048402890468966502556189855135722258487888623620064
17579196556594572424696857689298871955970549413244223865495973998071069876712
26455127238049885926082234896561869496180306145772162370754224659668389202328
6856203773439066372635509010325022983140878062121516905220206165201688237328
40959192556224640458454817728165400904897602839057381366792036621506560953091
41984623739869779797178745712649718065466630818293835684008020780139389364985
36733665873467807687956774041262125193029914695000218908878554477823891138562
41985196898707528147777604749142730730297625946818824699200652677676126980137
38188617950372958215016189376659018432151948292588644111651665942541805503579
9695907197798168994923152600279917457716504040564337500764330642682836204228
858998271766496938164035614515084456648921786762871247432740762771078442741
24964541751690498709217078997259044917511534773518540585855913660429738849815
40531721281698604424019557186860562074624535860254347187410478421717764632088
3880195371630475901674338446716564777831893015202573307738896078282740807613
37813914306508629233591568907307867222543904507186830553124010774970940017004
42474312977535149149695665321419514820341337045505232771174443568619609211303
8729984508386442109414371772141990839981930942990657831417435577670615525127
25955242679018495479370498854834147969843524441573156104525556067190640232991
26430768579241864818348005940473403113223949575549066131166029842814366984968
22828484013413302470577797608661912391448227242134668687100623801119047950341
6619375910117956884259089624171919325635738301353691710297641324892168701081
8672982286449230606734185766781826512679389386531782505370411968000617642052
50752278179485357834653661927300472808089880617328387055666072371233972773899
8280776232325596301691486265873607534313447779186980462510207371804039202565
25346662656377943600177681770196749257236126349712591360909244931441882022514
47975643871930624650387613954073981304223156649198002363309294242494134571331
3342993215265936097011727111012241132437110896014921550616396763910431993126
42702931824417375090916794473653082568807320896013499544138618500837845901096
14499511202407852316552805084763314890055615630414402567857980704467954372571
4405077951206470717630209236631376587867907533207119272910503380646244107551
20632867217282831838941088494545248884567016101882280389646516562798391039747
3513351529583458113782081449337092468238371673486447665269466743367920424922
40813308598117387379067278499105232645533511765239868978126474065361161188476
18722748685443129009805797180370223742803733774560775314533159226609438093787
18566109089271396554618558525119618694338588382326678205261345421281900075903
9144132561124491193590264516611938683920195527329696782726856841081430626543
30547016327757979738715905249405458139402821016443164502478029198188195270676
6952616663444384645963378856433875122443164312221735063478334889471041896471
44073508453659269892699285395507564326908890189745577790017099579595453512564
22186813479140467161408473113667420365827374454416776222634426685671796906380
37378142898388690191565793484870554653018653883777076823160644827602413784338
13847083900545313946897888636940281246846185219902233467213218071814029436064
10895347791792278484405780408289605780167860794455329416192500408483809095205
18692461694365730341576305835520986163362798652608007873783338575747537104931
9792923679232396842849087308664911189298909423360397009872091502313057202698
43071182115983727407711380536130866760892706183240841090792082987377423628290
49261388874724353813998824808164464667274717636162577990315197700650303444556
5101100757829860942978470529582774662840155374236863448883891114675001634046
34571558725849955477713292083383493300774799167799298901092557221381301496380
43547761931452038143623457314393408558616134667466143094536725780248882157132
8487038290549132895950469730754030480760947733197699815949028929217603031019
28679474614739778998118459912089065494698070879703285200135124657752910123202
6343013950531148066396221919491870846681026929126930190962536819831723751578
28883479295689837358227887525855585470711568354661371348851662266674186777014
41064566372129420901731564349383756081041412575547131057268164656177138038510
46624983980378844791513452992179415026044855818647985890648429242374140408616
24281342099027033809228893038974096339635823691621447486573687357147562418950
44429839562784731405367579198349915519647164806240173169311056053645321614317
21338803669277325461352318404921408652348204260090995131412731232084686563040
41333694918456771783689884618542128623126216126412822034850547851300953769927
38232290505743283846569745777000521899839748130053559904678683971723476759268
34878150847625939285767745589368763205718538742508857551810243184214928442064
19647153243499969370756865287394658230392929103599924906156531099145567526643
9807837961198196011699248226770450564670452952051674709726333028883817664435
42840075104526223644204572087470141588257259065242128776297713399825805127496
14918601442224000582121463123596754204652995073251504454127539696558680109833
20754746795551172101965918251375451060889976823523798457882406148555924235614
20356009977005249385939886291915182632830845734399640553148965502621103378137
3432392774126451354066631638674578748880672697792114348523221296449348490039
5191441475965566254463701666182062322482285577877338092108743922318758965365
18991315817501229065138586297606485900743802699826808299773432336524876469413
8256952868088835950742269410772600261731865607237112832618462332027167783487
10990397906778017015214517482880408035829257333486624717274680411734337359357
41248010779282938579707119045105391878143068497075781287292542872608268658065
48576691617604026665443012617686867009310962933664500043269303194684525249730
43938669857011178109155670664782170733824786976118310414805797265978719336746
1420998792062081040503367318388592881759561355077750847032539853394565883882
40676943596250844533336546551994778346356894508375818364684863755356064441436
13897244264740902321016806106842267842448711371333558803619302046137227116670
20764544734600571447717401293121769672226872106691660253570140044299814557999
13532504706849055899909975718963503954302870510752866478183172444784362261208
2130935346325433700847827489152245500766783956849709927205912868235448348755
1985948195806723197109319210499349520157090844098352224288202171294308604859
26375389935597011045035433546013677918710718505863068848788845967010377788151
50543326795875496020877639655724314191147827827871726930380821639624226912322
37321345234154480977504277006526565277696456711993474020906699923699061843895
42732362531247127347731316037874587172845474806006527850115304126503273074135
46371658687972712619684607055789427039579898505121490160265328515683496417334
40683168763885586107754671994916189449441062963588212752815084278779651734554
3176241771043963860220634715734291301983602521262693728877571086480933982060
6641604846441954413048224650788677043583640441494712135047266787872572608961
40189572945023699373384612244807051851948195197988120666312505687395348572535
36298762083247745437510661514051718280377019077029005880587022132669012408467
18213654832888535381074693891022441839546423897335413495772835403565878663095
21711842259396393269604134403973661497517309516334930993055750152586338072387
47912664731291213728384607677689823068576543285052821526251225270359921746982
2931790794629751797933760988581076294432297854070724717966716625009090472284
37437430716145646332257145230521558660660410878305838464100368384253245152525
17566267269596056928488841754954351825216310199791762281266988742773341592491
10711100109506459907874911426805825554364923520388198377062856919467589942347
31197345957123647241992635234658467903884455832987069619090766902862356216760
4792876521106089626359208088937955177996670569986962335875804288197610358360
8030157356911476289615527699853898093697491257820311396264201647752963039180
15754114468640969980176224005895389962090562778893097978753504519809901724233
14369468032987689456590514597910185739265873546003898631775167796641692641006
12820455286133030129768523381198125534772885878571881554223865598104443931805
26505615608359001888657089051361969248622518341764079900220422141288320964780
47260371209809361893276872214428468791381084276422896703297111288673867620743
5157892251072215863666520469551336178434628293024528530248660641417420097092
24315635726470405951193090526289288553671303344748510754708309993229796745563
11166760199784118671485047591190375758793235517578098391468991518034984618030
27861311775554160216735231323575036033205211054129393453293039559826326702928
13911837293246953423314498810745977945587596062661951009690203749911877148332
12801400102167232764347719174766357585757500380697814551567949791466166388958
39645197547055830688803689828848584207601760030143052305458123453580328847900
25237944762795653526821620316991891515537981794929181458539081429931860186335
23487007069596922897601736217690699021089907342068443072319927285952420201618
47279605690171883757737678834154611835551242526709967283330705015929761168172
2394104067041410829094937221837465386165874714983297785438185733461432956389
18890744858858963800351997116855699822719316565386466171803892726620644014985
22962491755770129120561660423934719586703762000685954825302157793587358845596
12062608941166808442906266009792563320642923523646753787987766101560805226104
32709709993404266217544448632673051359348851192227729992653110330363812045499
44832791277883281558313000052819027729114898342897839259786561816114688725114
42087767989761220134192137008726970500808947802777368984864735213895539031933
28252318062105774043242716874955759042648405617526629144795290836626017766086
51990749905867814422814884570526344208307791306205928922619395042756399340735
19687904257438697489520648235430581836488770390093947923423552080930591011484
35057302150512046638392655345901662823749374991058742661379011951049177068386
48943855669227476070271622776024857278366056170972251718981833751123343677136
39651140011809154151206497200123363789702380318366057963198956203969914939827
19709675102161734162008151991369222921583134683096038496002872088716493788368
43607572339426008611969502956500377597037292738748297657292192269369909623041
20254661355569179304772192351227025791182436042348827280337038081521399893550
27985700649700036430503203707673068213176401037132235769842888003842494787475
43076910923926159241156219926345966801176046426062566732122562371719108402610
44132043301606178521993329883631865828407913756324682323259344099346671164688
48838589247305097582712307522290978614130858900125019580539224207621234661814
47625285857335798703254878354180267744243731231750888580264679382199461512682
32741348880186116618732342554353297694683094818980134832022403546964497540240
40181456951220855091729085398702290381988041058935726185702021744063325111372
27892614338067849464849497087377103698232126140022969921056641657516127407387
42141799986884469772248094307239449074411190036465836416236654776556401539715
1234039797398599312395787795615254091955070749250636003234822530402674337947
19981261271988870273106171541350784992770760467075958796911358672861267478830
1774722917363543671053428964224477855428248899659084972192949042078441753807
48908512433571897275671993981635207880028270444524758577669469324167635328086
48369044725001699642894863153992674686115393310511327729420778624340146771461
39019409008664641768520582086882220480817150386672185876896123360049043825096
43049445443594144592512235763840749071766736048834083469049464194779304372758
22571089521693363636856127015657499898594708525930660482785719734440178704735
51878369057994067755839177294506179106028194331007425501025952152955200478342
36116239258332737390221440936581048238195805583552178024554895956711905596556
37806622145849208423916673541541089110684445685514978646323029262594379955706
9100988979121121031510874766971396016516860826461336592992457491887574113655
15688044020267695881274317280076207650546265227106758245748324707773448285767
47027060224067596911449134824176879030349198414293922298235506631321195820749
1300287845739831251973066828355383153134300878617525230362724681626661765853
20955784487346313615546420903187758431057192236641477636816435323174993738076
39393637754304430132560447103413819973206948724484242281686900710399611541786
24296963830377415472286748600133382603290691401615790497595306111385117672989
34710081967573971513185128807921384914776189856954638542367377069306605273076
10012030682998124423469846021415267393606250885008805749951350861830623877393
20374410828757969591081931865260438735697471834494993934114538399695392846974
230399343860816719149613660133026292548680834410385555165482590449717499193
46319068561154896430501768305751603143688534299878978995627099632535076618448
46987952271781087449522824667468979373564453825656831549333551100619674843717
42312788091275918358535839482053015506098790123242002378929808956398612288305
43180434143852732784100168110535021973714165877196604616197831074332868654873
16610047976028271177840328736966210324091695469372327663122376933151729936681
28935571596671406207650370838966811786397516542842452992726471273460790907243
36353169233064085844788375568435185675897948975979129563110058875827038603352
34376531012449464434583922442052929059937487238662056628320946765548593366654
42125543349112519810097253093188186689998641967655714722606605059969197261982
10016582197781045578882430858602246192260417055761750845942544888169961474194
7107217604529453819516532816601030955682922643129374041888931214344170000769
44859250270583453998925173551577084327165297360389916387917797225005535042726
34265694669073037242709826486497016595625372741817275189071917990364058311078
18013033359611021821346753947598124148188650350944084181337126430988488478479
33640222641581375850162409322113248443155732706687325526255277079357343273313
2353749564861346330506414321658588849094900906932414489545270797767602451955
41920650268955995690982666503532165680474814004829972575154301875941115459263
4942029245736836538056325146665106468434381110326642230775627463003551776912
26275323397211328196293616340033635850235762761872071705081680814362365614227
44202533540023745072037339279832775096720494163069880772314624168828585082812
4318743734412724821656812091142923978501720993474213637211886590438586133138
42859764465119033310637200960650665377570437064671685265343760882907159626719
25913944177726572477532389609593016736440948760144519285034191662129440089940
1095819046339753528182481894667787426423225173219583808159336632173241169575
43693868462452044802353108415357438876207965609885625365168998530228129353561
35839850624630073337463825409996395999754949506680776026815923882699291059905
44690365778578654933439999658114791130003887868114524316101772725687335990968
38351158911808261931525447584270099388781623135225248317508444789929768638654
29797029676149625439400190684811113215857708338553070729166139931613382391408
3578012757229534055279425951245017166403084084084512748624891354114503321801
12086624430320758916239199346676251635491084516251871454388845956166437807707
45369673585351757278309142985543092875746589227979666870283335520081376248069
14284562778216496494458589204252871547882510082220897628450569656951772314010
12218082743304217706095269632488933672842465978329756319430977894817383730561
19747105623489293166056820484945146660356723424278658533880010076564350198860
7740276485594087065505505029859221898612673974945075050225186773113988096566
17141790727941848569636996500551781829741765987666448046597926277203776471402
6366346503378309650847450856323638220313376190974845306482249141951973989344
52173489696914238166765071208689494277631619074050614800666769735400524388094
33507792631802797277237147346882206701401774357865903849228187996037497866648
27341237211426692056787169414955035061909315469067301521348955762552612642399
34847828649548187258013459432238302524581679579974404430692361394655138621319
24076282109443578155100945698192351137442024194504319631545537235804480331975
27394377293832111822693009117398748221175499506160332270659309881460823169638
17781020387761949466298292258703459457093273117165613524094140444868056579341
30084848579495677534974422002319779099238009378044510610979351129991981689297
26460690144422227111935319963179013756798464601626610636016275580798857641305
48071245205922090257750915731205108232322874257528878978447712056668291216202
48987129393558489623240265031015334674203569404675489025584808984186770264698
5613868030959390756093950691909847664563815407581478137227525995270501836293
41067755614334624352580674357774843414737955358806561123432046030140222859050
52222346830375057563637094019477586697456010762978768621959781931050254287309
11583967613185090407689509573701417877890643733435559505977615896698402263846
42925636867183448700756652349407809959996532130718948819319971266519126068510
21770344493282573316010295558539579111959596726261475707836941293501950004902
11534910975732352320665279352461762494575629596456593210117906723656640783826
2571009061956933543438336288267188145878864372708970192335599442890953255503
15542106086420570875017063070233581933315871024353556249602174848029139375960
21166006028858072872509078791018192241742839134434799239740428609037017032329
24126677949255942199322848966028667539108732056163801882800320731118920196178
46929793110404272260527737029565545651670342665617486408102217348443710443065
44974695996910380239149082412702345621257497391128181239096286440515040306971
26665019227074253238137798300743597659662776111438641406544814659981378611871
50848618563883855108696353792357307760264021285917814755590476543105994143747
26603867668652147889505244235696966510463527573082535135181150237485995167431
20627251592300431392987311744218143416911121118658601056542466211572642129658
49887242201351557845421308408510398419151448465375640254065248644042493323731
22406685474428666089168383204075415525045596641336677463318944875158431826360
21850068350063889834865319926251978396541331404304908320788877515209974039165
30877425189106616775038696310820326030543405544980455886222669455199773794021
34114661090412558710586654014781012693888533438884685539231210734170981081457
45089987096484923231983251656922345553168765125606680555147660910858036264492
13695605412325484315219342426156654922791836108732377241416607965633345602876
36662764285484851939290176717027081631114529821123111626876040012961084702819
8141838389017556547575652210793781777959183027286074926448635077519236764144
35479853798064360419077893361192488274539044419432866121405313028244305223086
30326459517602097995315533009661309346064093029309211004099104001855193006206
46389446694657061195175497370595652188980376405084848507143521895012992943083
13635995514206287586867306169486346592204415153248024727100998276163259348886
7200605784611916566223585439420408169840892343808671825551802610971872306008
45049008762756639978542378957837245472179570267275009124990238500655726206894
39232223937839161787485432479268077935144954906622842713591615412871334910425
2059735809097746266845206998177215510570637963404172453353298162807524380872
30296325969505869895024977281952503517907909686947823521130466922805305540704
39738974329055907000776427769829193717792732275617881585634581208650153322697
45423549071254397404160739447775551320082419102554838833462983691600134051044
37249960930934518394230200472861009222080053354076198692662907716984215373119
8412869428430598473403702761194449133290018370564620730338022184299034837290
23687308168529045723702783745699698852161210305615377121280369486189532891906
29171235193007983138125500104298560784616275616604600906426483704158117022919
9336011828528984322336140133270588506478052786100541140657778532267273689760
43802839345837722735341730527298302292647510673933145461177456179470689507991
45581812927738969400813057816321648654568810260205605110497117863869633772087
25970583635866276161379796776284271095839672691586508289100324685730440461327
28256086475564830819036444790408521972403960639562127328387007136291297321565
11083302146682365547086815341085488111153101178483742965966095340271514336394
45418272774905218833100288871270715850693143770902377420120427081814975151885
3420537226240039705178449230627044398668806500259692265923355865780597317568
3004964249702222686922901501394805331533121923253826977732159181306160782871
49109929468127768743784254298959247024462106642529459726574143362606566087782
11332672898339107014524023191386657353441967607086957768454273228168289567012
9653090463025590211372575481991251623030931597250105241517751625159707947088
11930800229959229848329244400547484541834321939980292584103885237595280585341
36706898609210474883679282897437074358442010267743519239228512429509381753403
24765495632875544134319445041861640928907106408996379691851274349984520234967
45294149632183635463986370719338669951857173307953759528829047946498898406508
44411030100094916508231862831658447340248651194919283358053282412573901405105
23143272022786114628000308997815099828808677383009491358264413769122571662931
24564560957122472414252685778103603049396966926136184695563873346031063443533
29064682005716776325397371180373846446873648792452773495044417457362587041181
1447153410660906921976944869010389265341899598445356270432522181219918252487
25719446068274738112953195005618555904577958755233833201904545626984016419161
34381123522569357044526365190677316125806966931449651700334295137616578515518
34985930848897030291334824017342748834414623375045663023539846286267217822358
23729568496484616736835705736283448030166213135441142173822183782687819452160
18206966120716605424746907446861433713184183659599115197168578565089916752275
46666296055462478080240523913809768334058470714380308976143244917669408043824
38252040162726972119087341447820622974957170484070528847536940584799430956602
47997115586781222502132589781659095725687079240534488277773497486110410413394
47896087055860897295385467756335494767100554023608786125076809756596398695999
35678138719517941483032592027830113053958463307890022704439834422681471368694
37449676300562755286951648835588661000644546850680736775456667505098719667649
1628015490048432695857560093735461704931627834535119744905451692292345549469
13336123577510626983320886558839889209413658239879857441980378892627872905774
38565582849956912754794735490793840695636036586043591225238193553202144097530
49072879951304360207282418739772773943114798582167616435602432692282210060329
44045250180281235180732899548208455046100271184912133030791372043655569036671
18342182519879351896309563927811150412374472717777736621956641038055973279196
9397010822134994869690031705465969670513535451965833777256462044004688989424
44300026067073675163679304429804093647848587066474315332365246912382611299446
12222554448331786485588842395634337971925883964732185089891002948172773816546
36877808702917017170528055061782018901687449087132471196748085354987130294372
6368112715217213786208134447413572121213085492246093287884434475551978916040
8485874579635846604074197199119988715211468899108669633120602305513446735990
39308169980508395083691777622826746514220173643419100899212591848588979538121
49801532485033142217350815844707535790717744285896783647842729080833274413960
32962565385016146092408876871933283101348519951831031156013903026878150439334
27761138424015742396602524163776379563015117660161090708887051595827921727152
25637300354472811941595585087170605778729422914466194151504506677730671383789
49981427425741138878298030820454815775206716068716135230477526259734913702069
3636180096522569239769038322940352111488474959059045877594258156423145571989
27397054511154376241871973214763057555131978644272805037692339373549925372858
22316630583677423826973033340531398789409681026235923313802712626997842546949
3275320829223572452118278512155052985343277751561445043466276172287068510255
45074576102310329396047106888428377773863942526323665711768660620400222854885
50275374875237003298369678839034805250541839750878839626865102805230773812239
9900049218213042073884882933547273743673045597784252622331690420931901458165
47824035203458960694881515205853196544417444154190742659434145038885289218907
41739667277758743744320784958930498296281192838968468922311326513409203364586
17737748315888828274573446267140664384291377494934179459868612849612735037595
11425630807429921728764649734247599090546212862892190087197164622424001010939
7198481792963526772865047365673378872577959316534785987553925440173008974825
4943001868263173168118589353217340693257301797142049269377194179118822877961
33379360379724021558702094397558612773075647225766119889122215421108210798971
6193313746330611064619873701604953194068997104514324790692185949923640065601
7377158423602932909617454640135496790072491915668668605767044613201390281104
13728706978459039173922104987843454092667184670370838061445783403580026407670
12329751736440143890215444842219234936399059575937241663571862701292307473120
33937130524197321327428373310874522027118173539838098075098396960340069764627
26871216306358255576252561393135676315689260758984920798676517215952405963657
35535759065970673425264893655581660166411431570724055588619384493976372389415
40311188846887295147975793596920468160861287810195596965950726116267851374815
49073333202059564944257794287362745416847347035903335373327509637159800914076
6129664321850024151411624752766739036168083195648277419296586261888902987713
19961339639487694741387610302223672169375306260743715678593884490681210856320
44365976802057847074149356838311527429139302550453092510412587734072692976080
27712199638283178057040518914297125728845860017592200697258892741943259680775
39350587254786217890919857464710787057531395040054787330763609180307361637223
1503433741097484425350665232992751771054098156393042676772491372520956709471
4435473557680619351415081040473901947800463517549121286689998264996415447060
48974475992023555315990940729193925315764181627205885015859468850655701063462
13949347547396399546299042791756224933931824421347344927868473431914333581149
22912723256950489302930196597331260372811305609075312462115339245083464109361
26866400458071407445056031449876606840978661316575309855016640890254867772226
41136437549019772228857227851456991294376022557910367146137251000090573314255
42070821006867232551179979311441502448249630639402453106721897181866743197186
8226919629202276260681649847382386910740046597274742894142392408530712099882
35912857324093846802646110868073597947359577511901123844443993924174972277533
21641496674826314833732298858523117664818217149226624375918798770535833454490
15324501462013139560142612534870479370631522947003236174066766249940066686056
27115571023549374001225335604498479971130047541867097417242730589592061717784
39592166890613956986193070942473830552580755443227976462890565402970263693363
37547076290454297020052581052060780926949872847102495732730675967948444632882
375440426463714522600518166847351132222319297046335693694761721740515042227
22675675370700842026337283020234474090238005457052503205155005166429641872070
20652539248507761412059276143549801383202186217446591382927795905287720454368
251021299658695429033906675143444382344437558812017272017325001642670814881
36500607651562874742392303773804689280430041287366775838319629997296068397267
27366548932153307910009203930000213904248617998473857610569514161341968898260
19390253263734183446385860830822876114668043903898526338425216481828254252530
37725918214861894150446916043077181045989897723815379003832085100512754152524
28448977980504755897412157603890686853375881766186051839618472317587968495728
765429427548830994114007679739029835343744486327956118411900720340330665243
19041803318751544785983676254960115754779323303781351596872714037729023213627
4134292191364063292660667447922279960739820859653215392361143530521929060516
4393562559821620394610131063331407308107869657299727385648367795928807884717
24303496843239835871132170532242387688115976993743491212501785381239835908631
28786341647500462091257869069882813187730616226359986604433464611007368611286
7849409623202281319729653582257202403216150271386933839935685763036486763292
38182035620843460267536032972846812905016026508759365723942254335189910649780
50509294656390974402048452536723050330155819427949338359292030678710756554639
30726330891667159226263398054956584980917169579599529205933941786972686631981
28568392138519685063490123875105649239319968939394072972703339976637605449115
32866685225009784555657596658399290403914011053846307572721340225070752211218
3924259342572287346727829978687108166045752458564061995217862948006711417775
6080495795719711220659006585862711265002540581277452727688678682485489899046
21852680372508017195347015104619052090788458936665026402821796453678990133993
42977810489717256894680621794015033291762528705992770190007528126757736089348
43743385941561537039455522204205782680517377440983190504093278145229560604953
7889730572219302141866703863225055677286918829767998003981065189878174965362
13854014510725456173699951214010468701344169586528561447542277181896798235975
26031927246844751941510602764113086020751207562934570812369997849657410377901
25641882384818350443824444291319431579411618826599099949617065364794211147661
16471897215577880507616964434084899125831873952478247251695727692729310975180
40912789550737442823501858989382619293623214297365391844898694420756654403054
1044565859116766857725430280885507294255526701884479421600305402397591669781
51751120484378569093798293346664597322242289692914924356088693419896210991963
39143781926345012594227410344496840389182564011576865752569961734259425769518
41579075308902315973153853022337137080405427989206822961984015993594567063006
50417913010517948755248186218219835782995155152175912419126264236858003012046
3966145831293295641282981760092843728821843630297268282615557031629986953427
35299258404727588032620730148915488782814858572619732820568021113229162181925
23784517437724717874763675886676081677241524091117757644118015970102102731385
22125979925634080714121711848986753096493655689263624458128088283566308572981
37386899668034393658805101622697806370832249182510307066760073828729037097758
51940752996222769212999399538981006371444398976941141254289389760817416541603
38723907204185870544138912182597974778771716495687957206104049820384406361432
6182457842554883929053242389193859573018634598255280867497564901243736077798
47899442649088659353063894497799142171415116314437411635623840616516321696859
30548346539990361246506407498344850200203618847380061044213124424707575740026
23352667406146269475256012947436082719818414218950140913853369227556476717754
45998312302487670490804392096053612919829287112852099410683082796221037472995
50521238077170541119542539833447656355357337362379461139438879849993728295990
25021546058179788415741425558949322681399970659468864089555078426328745655166
18370906376975495177946557158035944662478953229757547718643487195879337399980
26093716501556164186138079564023501574365864252798175214880367568354375057257
240949465812257145415030168680344128045715521564591199055022831294603784125
33189565158403279001049876994126099001747794564110671253907178710941112226741
48825249113870600519079143020645797317273128630716313816963357063461858435437
6359000436283696218490210534700753208590222669427714187259838510665693585167
26286510901285030943224567745090791300311517028366356939309907160312960834128
14451365799282864498171686655065550761456766540682657856001696000402551202036
24871204994353111333348435953436647784430639671362724333311266348419198827850
45857011825536973125048638992268954453828114271896177215996111068350784726908
14645015678408211526567866571792368761990293757368263075326294254372268290301
49262689582318273809828921297756207549403303312898751922488597324206475653010
47702401925094549199508280207670853748937579919226695474852504048119678209226
44206667685365957272846866546201281687858469535096379018672904013885738179047
37180522670960072627287509790266678142828244209885521552518503724378098739599
43828662499708712146922085757899683675004319947339918124164922439235040767006
