181
212
143
204
213
173
255
214
56
130
202
66
123
43
121
227
97
89
141
249
28
234
31
188
210
30
100
202
171
23
196
118
214
213
23
144
85
107
218
46
133
134
21
24
175
244
18
97
175
192
33
240
114
93
27
223
155
191
122
78
55
142
133
37
250
150
209
196
33
53
80
203
214
116
70
191
69
155
131
3
142
192
15
202
42
9
47
167
220
84
133
97
55
105
124
186
240
152
23
184
72
15
49
81
74
91
237
129
112
133
63
87
183
237
226
146
205
149
20
157
17
103
200
154
182
245
151
48
123
42
198
137
204
128
186
205
216
165
165
179
13
153
192
170
45
102
93
202
97
182
128
130
165
136
81
65
17
68
232
225
207
7
105
67
57
66
205
133
43
145
248
6
193
175
174
127
25
146
7
97
142
231
209
212
193
106
222
20
197
253
140
113
0
100
199
1
44
41
160
12
196
115
241
10
93
13
167
105
13
75
28
188
19
143
158
35
51
7
45
126
15
33
171
198
16
59
192
122
79
239
203
103
255
33
88
185
170
98
234
171
231
142
121
27
48
87
13
174
171
185
209
77
237
95
217
188
59
182
10
19
38
79
161
52
44
5
15
72
104
244
109
61
255
141
161
243
126
33
160
233
190
185
1
245
151
48
85
208
144
230
36
53
196
83
176
178
2
79
40
15
76
85
66
171
201
188
77
127
123
16
90
57
86
222
73
24
10
58
61
81
139
164
226
2
88
29
147
33
12
137
134
128
13
173
206
253
136
200
61
84
53
220
228
186
10
14
149
104
178
176
208
49
201
149
27
241
0
245
122
69
178
183
99
170
128
126
68
91
143
209
184
231
187
134
200
65
137
41
37
205
162
188
51
114
222
6
44
209
11
31
152
204
133
96
35
33
33
1
66
115
143
133
204
85
205
158
255
24
53
149
64
1
243
155
40
229
234
107
66
157
139
182
145
189
32
128
34
185
188
122
206
131
228
217
37
25
239
228
64
129
34
25
199
246
204
233
23
92
66
176
95
49
47
200
43
120
190
67
190
101
111
20
108
12
172
33
181
62
129
232
41
90
222
73
90
134
93
164
189
255
211
13
26
220
45
152
126
77
10
52
82
50
82
10
162
156
221
77
232
160
171
142
44
89
219
77
161
57
62
179
80
159
98
37
28
215
40
90
4
111
78
195
114
38
94
208
226
202
162
30
73
55
167
16
148
181
208
42
149
42
141
52
46
46
3
114
51
211
164
136
240
39
195
155
3
7
1
199
168
38
139
71
27
19
30
149
50
186
30
47
153
164
47
214
236
205
67
166
8
210
203
212
120
206
173
230
58
23
209
56
29
179
103
206
191
89
113
143
171
156
147
12
129
184
68
99
158
175
62
239
6
206
97
20
125
251
164
217
174
240
63
174
96
247
13
247
40
123
231
187
105
158
93
208
24
228
230
28
80
127
38
208
128
177
164
193
161
37
140
224
202
39
82
160
166
52
135
213
85
141
18
186
226
46
141
255
83
86
17
246
156
150
132
206
93
52
184
160
220
241
16
204
113
207
255
131
230
247
72
72
82
168
23
220
195
195
113
23
6
113
38
174
157
192
81
96
55
82
88
80
5
161
140
241
68
147
201
184
203
98
214
147
18
247
39
86
210
64
209
81
42
36
135
169
150
51
83
235
200
182
12
174
218
97
57
26
97
114
93
169
233
162
228
76
145
82
109
5
60
77
225
247
16
47
240
178
101
135
167
142
206
17
86
1
175
112
199
33
47
239
55
135
17
184
34
200
166
37
97
210
105
80
157
12
182
253
31
10
186
223
50
218
228
227
34
71
189
43
197
30
154
214
43
97
204
147
201
225
154
232
60
4
44
149
66
217
21
86
182
205
20
92
83
2
15
236
75
59
49
222
148
54
15
112
248
210
172
213
61
181
12
1
237
1
108
26
83
218
49
13
121
134
13
120
77
246
110
28
59
232
250
207
104
252
62
187
78
124
246
8
10
104
188
166
113
187
58
62
207
78
247
45
81
207
190
194
0
31
246
242
60
242
11
255
172
44
167
19
51
76
5
10
223
187
118
67
217
182
93
185
115
246
193
180
61
78
87
182
112
153
39
2
190
112
68
42
119
120
76
113
184
121
41
229
96
69
30
186
41
219
204
220
13
73
168
113
75
237
52
21
141
16
28
41
3
185
160
227
51
249
167
84
115
155
195
144
169
42
255
76
26
77
206
152
159
80
116
157
54
121
98
61
86
142
114
204
224
65
18
249
